"feature_ID","temperature","feature_frequency","isogloss_density","value_ID_up","value_ID_down","resampled","sample_size","neighbourhood_size","rep","hemisphere"
"119A",2.2265618494834,0.230769230769231,0.326633165829146,"2","1",TRUE,79,10,1,"NW"
"119A",0.362707015320427,0.230769230769231,0.273743016759777,"2","1",TRUE,85,10,2,"NW"
"119A",1.20117963585145,0.2,0.28099173553719,"2","1",TRUE,79,10,3,"NW"
"119A",1.42762932929927,0.223076923076923,0.308823529411765,"2","1",TRUE,89,10,4,"NW"
"119A",1.85193936280989,0.192307692307692,0.282296650717703,"2","1",TRUE,84,10,5,"NW"
"119A",1.34156821822577,0.284615384615385,0.360975609756098,"2","1",TRUE,78,10,6,"NW"
"119A",5.81669735191217,0.238461538461538,0.349775784753363,"2","1",TRUE,83,10,7,"NW"
"119A",0.556640187196779,0.215384615384615,0.274509803921569,"2","1",TRUE,78,10,8,"NW"
"119A",4.20399669794065,0.238461538461538,0.345549738219895,"2","1",TRUE,82,10,9,"NW"
"119A",1.16039663476321,0.207692307692308,0.288135593220339,"2","1",TRUE,81,10,10,"NW"
"119A",17.447137045337,0.176923076923077,0.287292817679558,"2","1",TRUE,86,10,11,"NW"
"119A",0.978586138822707,0.192307692307692,0.26775956284153,"2","1",TRUE,87,10,12,"NW"
"119A",0.405098612861925,0.230769230769231,0.277511961722488,"2","1",TRUE,82,10,13,"NW"
"119A",0.519483259863327,0.215384615384615,0.272277227722772,"2","1",TRUE,80,10,14,"NW"
"119A",5.64514585680864,0.230769230769231,0.341584158415842,"2","1",TRUE,81,10,15,"NW"
"119A",3.56989354481042,0.2,0.302222222222222,"2","1",TRUE,81,10,16,"NW"
"119A",0.581535802811976,0.246153846153846,0.302884615384615,"2","1",TRUE,87,10,17,"NW"
"119A",NA,0.161538461538462,0.282828282828283,"2","1",TRUE,88,10,18,"NW"
"119A",0.850340686317711,0.246153846153846,0.315508021390374,"2","1",TRUE,79,10,19,"NW"
"119A",1.68897321506689,0.246153846153846,0.33502538071066,"2","1",TRUE,84,10,20,"NW"
"119A",5.18407728152382,0.192307692307692,0.297979797979798,"2","1",TRUE,77,10,21,"NW"
"119A",0.215542717163005,0.215384615384615,0.243119266055046,"2","1",TRUE,78,10,22,"NW"
"119A",0.340842117974875,0.176923076923077,0.222772277227723,"2","1",TRUE,80,10,23,"NW"
"119A",0.660057785791029,0.307692307692308,0.352657004830918,"2","1",TRUE,85,10,24,"NW"
"119A",0.307290231683117,0.261538461538462,0.291457286432161,"2","1",TRUE,79,10,25,"NW"
"119A",1.54745832551114,0.238461538461538,0.325688073394495,"2","1",TRUE,83,10,26,"NW"
"119A",1.34466116201713,0.176923076923077,0.258241758241758,"2","1",TRUE,81,10,27,"NW"
"119A",1.97528407748632,0.2,0.292079207920792,"2","1",TRUE,82,10,28,"NW"
"119A",0.437083142036476,0.223076923076923,0.273504273504274,"2","1",TRUE,78,10,29,"NW"
"119A",7.39072203352579,0.215384615384615,0.327868852459016,"2","1",TRUE,82,10,30,"NW"
"119A",0.59098595211649,0.184615384615385,0.246153846153846,"2","1",TRUE,85,10,31,"NW"
"119A",0.167695902927956,0.223076923076923,0.240641711229947,"2","1",TRUE,82,10,32,"NW"
"119A",NA,0.207692307692308,0.367816091954023,"2","1",TRUE,80,10,33,"NW"
"119A",0.300294760512689,0.246153846153846,0.279187817258883,"2","1",TRUE,90,10,34,"NW"
"119A",0.311565495115565,0.338461538461538,0.338541666666667,"2","1",TRUE,87,10,35,"NW"
"119A",NA,0.192307692307692,0.331491712707182,"2","1",TRUE,78,10,36,"NW"
"119A",0.538980629522924,0.192307692307692,0.251336898395722,"2","1",TRUE,86,10,37,"NW"
"119A",0.534038733492459,0.261538461538462,0.312169312169312,"2","1",TRUE,79,10,38,"NW"
"119A",3.74677286007167,0.184615384615385,0.284974093264249,"2","1",TRUE,82,10,39,"NW"
"119A",1.63539009155712,0.215384615384615,0.304347826086957,"2","1",TRUE,87,10,40,"NW"
"119A",0.898659892758353,0.223076923076923,0.296296296296296,"2","1",TRUE,76,10,41,"NW"
"119A",0.580198173971666,0.223076923076923,0.282828282828283,"2","1",TRUE,96,10,42,"NW"
"119A",0.452444753509056,0.246153846153846,0.294117647058824,"2","1",TRUE,90,10,43,"NW"
"119A",5.5548772624342,0.261538461538462,0.371428571428571,"2","1",TRUE,89,10,44,"NW"
"119A",3.02446152992034,0.161538461538462,0.253731343283582,"2","1",TRUE,81,10,45,"NW"
"119A",9.52133552797969,0.253846153846154,0.369791666666667,"2","1",TRUE,80,10,46,"NW"
"119A",0.298914893747416,0.246153846153846,0.27906976744186,"2","1",TRUE,84,10,47,"NW"
"119A",9.99309393965836,0.192307692307692,0.303571428571429,"2","1",TRUE,77,10,48,"NW"
"119A",0.183453648191924,0.269230769230769,0.276699029126214,"2","1",TRUE,82,10,49,"NW"
"119A",0.648009179677167,0.161538461538462,0.223809523809524,"2","1",TRUE,79,10,50,"NW"
"119A",0.636180507200044,0.161538461538462,0.223350253807107,"2","1",TRUE,91,10,51,"NW"
"119A",3.83405524049025,0.276923076923077,0.379487179487179,"2","1",TRUE,89,10,52,"NW"
"119A",1.78906146945026,0.207692307692308,0.298342541436464,"2","1",TRUE,85,10,53,"NW"
"119A",0.197482925840228,0.230769230769231,0.252252252252252,"2","1",TRUE,79,10,54,"NW"
"119A",1.48462634085057,0.238461538461538,0.324607329842932,"2","1",TRUE,83,10,55,"NW"
"119A",3.92337089439939,0.207692307692308,0.312169312169312,"2","1",TRUE,82,10,56,"NW"
"119A",2.48679258624257,0.215384615384615,0.313084112149533,"2","1",TRUE,85,10,57,"NW"
"119A",4.311848233513,0.3,0.4,"2","1",TRUE,81,10,58,"NW"
"119A",0.245775763498681,0.223076923076923,0.253886010362694,"2","1",TRUE,82,10,59,"NW"
"119A",2.40789843143707,0.261538461538462,0.357142857142857,"2","1",TRUE,84,10,60,"NW"
"119A",1.07796152548992,0.292307692307692,0.35981308411215,"2","1",TRUE,82,10,61,"NW"
"119A",0.138201911979297,0.207692307692308,0.222222222222222,"2","1",TRUE,78,10,62,"NW"
"119A",0.444185887784472,0.246153846153846,0.293478260869565,"2","1",TRUE,84,10,63,"NW"
"119A",NA,0.223076923076923,0.346733668341709,"2","1",TRUE,79,10,64,"NW"
"119A",0.489292948470826,0.176923076923077,0.233009708737864,"2","1",TRUE,85,10,65,"NW"
"119A",0.976335228327277,0.207692307692308,0.283582089552239,"2","1",TRUE,83,10,66,"NW"
"119A",NA,0.246153846153846,0.401913875598086,"2","1",TRUE,82,10,67,"NW"
"119A",9.97010816544982,0.246153846153846,0.362637362637363,"2","1",TRUE,74,10,68,"NW"
"119A",0.534038733492459,0.207692307692308,0.266009852216749,"2","1",TRUE,80,10,69,"NW"
"119A",1.18742847904478,0.230769230769231,0.311475409836066,"2","1",TRUE,81,10,70,"NW"
"119A",0.408847320776344,0.215384615384615,0.264550264550265,"2","1",TRUE,82,10,71,"NW"
"119A",NA,0.223076923076923,0.354497354497354,"2","1",TRUE,81,10,72,"NW"
"119A",0.0951695136208169,0.284615384615385,0.260416666666667,"2","1",TRUE,82,10,73,"NW"
"119A",1.78494633121277,0.246153846153846,0.336363636363636,"2","1",TRUE,85,10,74,"NW"
"119A",0.634717186472483,0.261538461538462,0.318407960199005,"2","1",TRUE,85,10,75,"NW"
"119A",0.32177385610072,0.223076923076923,0.263157894736842,"2","1",TRUE,87,10,76,"NW"
"119A",1.22069920256677,0.192307692307692,0.273170731707317,"2","1",TRUE,89,10,77,"NW"
"119A",0.819580013689443,0.184615384615385,0.255,"2","1",TRUE,81,10,78,"NW"
"119A",NA,0.161538461538462,0.304597701149425,"2","1",TRUE,84,10,79,"NW"
"119A",0.663104779503368,0.246153846153846,0.307339449541284,"2","1",TRUE,80,10,80,"NW"
"119A",24.3074036999324,0.238461538461538,0.359605911330049,"2","1",TRUE,84,10,81,"NW"
"119A",4.73879112866675,0.223076923076923,0.331395348837209,"2","1",TRUE,83,10,82,"NW"
"119A",1.26069508885537,0.230769230769231,0.313084112149533,"2","1",TRUE,81,10,83,"NW"
"119A",17.6085896365067,0.223076923076923,0.341968911917098,"2","1",TRUE,85,10,84,"NW"
"119A",1.16039663476321,0.223076923076923,0.303482587064677,"2","1",TRUE,82,10,85,"NW"
"119A",2.70796635594198,0.230769230769231,0.330508474576271,"2","1",TRUE,79,10,86,"NW"
"119A",0.223632517852766,0.246153846153846,0.268292682926829,"2","1",TRUE,86,10,87,"NW"
"119A",0.676991254316092,0.246153846153846,0.308056872037915,"2","1",TRUE,91,10,88,"NW"
"119A",0.324004509753071,0.253846153846154,0.287878787878788,"2","1",TRUE,78,10,89,"NW"
"119A",NA,0.184615384615385,0.335078534031414,"2","1",TRUE,89,10,90,"NW"
"119A",2.44702757804705,0.261538461538462,0.357487922705314,"2","1",TRUE,83,10,91,"NW"
"119A",1.10816507923218,0.215384615384615,0.294685990338164,"2","1",TRUE,85,10,92,"NW"
"119A",0.333850749244188,0.230769230769231,0.270833333333333,"2","1",TRUE,87,10,93,"NW"
"119A",0.707269546164153,0.269230769230769,0.328205128205128,"2","1",TRUE,85,10,94,"NW"
"119A",3.91434649033999,0.230769230769231,0.336734693877551,"2","1",TRUE,84,10,95,"NW"
"119A",0.732127059368483,0.276923076923077,0.335195530726257,"2","1",TRUE,73,10,96,"NW"
"119A",NA,0.176923076923077,0.306532663316583,"2","1",TRUE,81,10,97,"NW"
"119A",NA,0.238461538461538,0.367647058823529,"2","1",TRUE,82,10,98,"NW"
"119A",0.71217259644756,0.230769230769231,0.296296296296296,"2","1",TRUE,84,10,99,"NW"
"119A",0.267019300745983,0.176923076923077,0.215686274509804,"2","1",TRUE,83,10,100,"NW"
"119A",0.142401758223769,0.238461538461538,0.246376811594203,"2","1",TRUE,82,10,101,"NW"
"119A",0.759605426848615,0.261538461538462,0.324607329842932,"2","1",TRUE,82,10,102,"NW"
"119A",1.96168496232205,0.192307692307692,0.283422459893048,"2","1",TRUE,84,10,103,"NW"
"119A",0.65100055397578,0.223076923076923,0.286516853932584,"2","1",TRUE,82,10,104,"NW"
"119A",0.290767829535721,0.246153846153846,0.278048780487805,"2","1",TRUE,85,10,105,"NW"
"119A",1.93476696236096,0.2,0.291666666666667,"2","1",TRUE,77,10,106,"NW"
"119A",0.0858011975264928,0.223076923076923,0.218274111675127,"2","1",TRUE,81,10,107,"NW"
"119A",4.1082925893527,0.207692307692308,0.312820512820513,"2","1",TRUE,84,10,108,"NW"
"119A",1.49491831176992,0.3,0.375586854460094,"2","1",TRUE,85,10,109,"NW"
"119A",0.438090823622924,0.223076923076923,0.273584905660377,"2","1",TRUE,81,10,110,"NW"
"119A",0.32475149207063,0.246153846153846,0.282051282051282,"2","1",TRUE,81,10,111,"NW"
"119A",0.286777949114319,0.276923076923077,0.299465240641711,"2","1",TRUE,82,10,112,"NW"
"119A",0.704019613534041,0.253846153846154,0.315789473684211,"2","1",TRUE,80,10,113,"NW"
"119A",0.568297123141423,0.223076923076923,0.282178217821782,"2","1",TRUE,84,10,114,"NW"
"119A",0.349586260383295,0.223076923076923,0.265957446808511,"2","1",TRUE,84,10,115,"NW"
"119A",NA,0.192307692307692,0.323529411764706,"2","1",TRUE,87,10,116,"NW"
"119A",4.05191910335246,0.238461538461538,0.345,"2","1",TRUE,82,10,117,"NW"
"119A",0.189028658728023,0.207692307692308,0.232432432432432,"2","1",TRUE,83,10,118,"NW"
"119A",NA,0.223076923076923,0.36318407960199,"2","1",TRUE,85,10,119,"NW"
"119A",2.74564171410239,0.2,0.298165137614679,"2","1",TRUE,84,10,120,"NW"
"119A",0.20584074883292,0.292307692307692,0.295698924731183,"2","1",TRUE,81,10,121,"NW"
"119A",0.104352257834285,0.269230769230769,0.255102040816327,"2","1",TRUE,84,10,122,"NW"
"119A",0.597829935262852,0.261538461538462,0.316279069767442,"2","1",TRUE,84,10,123,"NW"
"119A",1.32315938401457,0.238461538461538,0.321608040201005,"2","1",TRUE,81,10,124,"NW"
"119A",0.288101788672914,0.238461538461538,0.271739130434783,"2","1",TRUE,78,10,125,"NW"
"119A",0.683256006631875,0.223076923076923,0.28804347826087,"2","1",TRUE,81,10,126,"NW"
"119A",1.61666807453496,0.223076923076923,0.311881188118812,"2","1",TRUE,82,10,127,"NW"
"119A",0.77730070017056,0.230769230769231,0.299065420560748,"2","1",TRUE,85,10,128,"NW"
"119A",0.582876515513965,0.269230769230769,0.321243523316062,"2","1",TRUE,82,10,129,"NW"
"119A",0.461919670396939,0.238461538461538,0.288557213930348,"2","1",TRUE,79,10,130,"NW"
"119A",1.32315938401457,0.223076923076923,0.306930693069307,"2","1",TRUE,91,10,131,"NW"
"119A",6.8027305349149,0.230769230769231,0.343589743589744,"2","1",TRUE,84,10,132,"NW"
"119A",0.854266074034259,0.238461538461538,0.308900523560209,"2","1",TRUE,85,10,133,"NW"
"119A",0.604753175970481,0.238461538461538,0.297752808988764,"2","1",TRUE,84,10,134,"NW"
"119A",NA,0.169230769230769,0.30316742081448,"2","1",TRUE,88,10,135,"NW"
"119A",0.280895547027391,0.246153846153846,0.276699029126214,"2","1",TRUE,81,10,136,"NW"
"119A",2.21633070628369,0.246153846153846,0.341346153846154,"2","1",TRUE,84,10,137,"NW"
"119A",0.846433335919035,0.215384615384615,0.287179487179487,"2","1",TRUE,81,10,138,"NW"
"119A",1.80561711461165,0.246153846153846,0.336633663366337,"2","1",TRUE,91,10,139,"NW"
"119A",3.10920433771103,0.223076923076923,0.32512315270936,"2","1",TRUE,81,10,140,"NW"
"119A",NA,0.138461538461538,0.25,"2","1",TRUE,85,10,141,"NW"
"119A",6.18983636197748,0.130769230769231,0.219387755102041,"2","1",TRUE,84,10,142,"NW"
"119A",4.80472091860972,0.238461538461538,0.347417840375587,"2","1",TRUE,82,10,143,"NW"
"119A",22.0157899704546,0.223076923076923,0.342857142857143,"2","1",TRUE,80,10,144,"NW"
"119A",NA,0.192307692307692,0.35,"2","1",TRUE,79,10,145,"NW"
"119A",1.72434301594204,0.215384615384615,0.305555555555556,"2","1",TRUE,74,10,146,"NW"
"119A",1.47101384975405,0.253846153846154,0.338308457711443,"2","1",TRUE,85,10,147,"NW"
"119A",0.305878220440335,0.215384615384615,0.254901960784314,"2","1",TRUE,80,10,148,"NW"
"119A",0.250922701139454,0.292307692307692,0.303867403314917,"2","1",TRUE,81,10,149,"NW"
"119A",2.24199718777323,0.223076923076923,0.319047619047619,"2","1",TRUE,78,10,150,"NW"
"119A",0.228842115345371,0.238461538461538,0.263414634146341,"2","1",TRUE,81,10,151,"NW"
"119A",0.339275934435755,0.246153846153846,0.283720930232558,"2","1",TRUE,83,10,152,"NW"
"119A",0.350392220631091,0.215384615384615,0.259459459459459,"2","1",TRUE,82,10,153,"NW"
"119A",1.04376290999747,0.261538461538462,0.33495145631068,"2","1",TRUE,88,10,154,"NW"
"119A",1.41453944196569,0.238461538461538,0.323383084577114,"2","1",TRUE,85,10,155,"NW"
"119A",0.233634435306047,0.215384615384615,0.245810055865922,"2","1",TRUE,79,10,156,"NW"
"119A",0.53526994317875,0.246153846153846,0.3,"2","1",TRUE,80,10,157,"NW"
"119A",NA,0.2,0.331707317073171,"2","1",TRUE,80,10,158,"NW"
"119A",0.324004509753071,0.223076923076923,0.263414634146341,"2","1",TRUE,82,10,159,"NW"
"119A",0.331552307800552,0.246153846153846,0.282828282828283,"2","1",TRUE,80,10,160,"NW"
"119A",1.5653788507987,0.261538461538462,0.346666666666667,"2","1",TRUE,77,10,161,"NW"
"119A",1.8562089513976,0.238461538461538,0.330097087378641,"2","1",TRUE,86,10,162,"NW"
"119A",0.29009901528088,0.292307692307692,0.309782608695652,"2","1",TRUE,83,10,163,"NW"
"119A",1.02235319861977,0.192307692307692,0.268817204301075,"2","1",TRUE,84,10,164,"NW"
"119A",0.552807921196648,0.238461538461538,0.294685990338164,"2","1",TRUE,84,10,165,"NW"
"119A",2.689322988765,0.223076923076923,0.32258064516129,"2","1",TRUE,81,10,166,"NW"
"119A",0.148087039754366,0.261538461538462,0.263440860215054,"2","1",TRUE,81,10,167,"NW"
"119A",3.95967704568224,0.176923076923077,0.276381909547739,"2","1",TRUE,84,10,168,"NW"
"119A",0.253828541340034,0.253846153846154,0.278606965174129,"2","1",TRUE,84,10,169,"NW"
"119A",0.969613514038032,0.207692307692308,0.283422459893048,"2","1",TRUE,82,10,170,"NW"
"119A",0.888371995151409,0.223076923076923,0.295918367346939,"2","1",TRUE,85,10,171,"NW"
"119A",1.02235319861977,0.192307692307692,0.268867924528302,"2","1",TRUE,84,10,172,"NW"
"119A",3.9324161039416,0.2,0.303571428571429,"2","1",TRUE,86,10,173,"NW"
"119A",0.426150454824752,0.307692307692308,0.335135135135135,"2","1",TRUE,85,10,174,"NW"
"119A",0.328512315370283,0.215384615384615,0.257281553398058,"2","1",TRUE,85,10,175,"NW"
"119A",0.89659282589098,0.238461538461538,0.310344827586207,"2","1",TRUE,82,10,176,"NW"
"119A",0.176004816375847,0.192307692307692,0.217171717171717,"2","1",TRUE,87,10,177,"NW"
"119A",0.56698994546104,0.169230769230769,0.228855721393035,"2","1",TRUE,86,10,178,"NW"
"119A",21.1705710754848,0.176923076923077,0.287958115183246,"2","1",TRUE,83,10,179,"NW"
"119A",0.432079395182714,0.261538461538462,0.304347826086957,"2","1",TRUE,82,10,180,"NW"
"119A",0.666165838909474,0.207692307692308,0.272727272727273,"2","1",TRUE,82,10,181,"NW"
"119A",5.61920617960737,0.215384615384615,0.32512315270936,"2","1",TRUE,80,10,182,"NW"
"119A",1.05828456067545,0.207692307692308,0.285714285714286,"2","1",TRUE,83,10,183,"NW"
"119A",8.88576594377091,0.2,0.311881188118812,"2","1",TRUE,76,10,184,"NW"
"119A",0.852301120316187,0.223076923076923,0.294736842105263,"2","1",TRUE,84,10,185,"NW"
"119A",0.36187272900146,0.230769230769231,0.27363184079602,"2","1",TRUE,82,10,186,"NW"
"119A",NA,0.161538461538462,0.320388349514563,"2","1",TRUE,81,10,187,"NW"
"119A",0.244646413765164,0.215384615384615,0.247368421052632,"2","1",TRUE,85,10,188,"NW"
"119A",1.1209983168049,0.207692307692308,0.287234042553192,"2","1",TRUE,82,10,189,"NW"
"119A",0.844486398798309,0.192307692307692,0.263888888888889,"2","1",TRUE,85,10,190,"NW"
"119A",1.48804910069314,0.246153846153846,0.33175355450237,"2","1",TRUE,84,10,191,"NW"
"119A",0.63764720156802,0.207692307692308,0.271428571428571,"2","1",TRUE,79,10,192,"NW"
"119A",0.498390501708192,0.215384615384615,0.270935960591133,"2","1",TRUE,87,10,193,"NW"
"119A",0.0410640089714036,0.2,0.180722891566265,"2","1",TRUE,77,10,194,"NW"
"119A",0.162375705900251,0.261538461538462,0.266968325791855,"2","1",TRUE,80,10,195,"NW"
"119A",0.218541517000443,0.192307692307692,0.223880597014925,"2","1",TRUE,78,10,196,"NW"
"119A",0.370302680422431,0.253846153846154,0.292817679558011,"2","1",TRUE,84,10,197,"NW"
"119A",0.187295461045132,0.269230769230769,0.277486910994764,"2","1",TRUE,93,10,198,"NW"
"119A",0.825261641069257,0.207692307692308,0.278947368421053,"2","1",TRUE,88,10,199,"NW"
"119A",0.300987080740977,0.392307692307692,0.358851674641148,"2","1",TRUE,80,10,200,"NW"
"119A",0.34005812454783,0.246153846153846,0.283783783783784,"2","1",TRUE,76,10,201,"NW"
"119A",0.586917227969466,0.223076923076923,0.283185840707965,"2","1",TRUE,83,10,202,"NW"
"119A",0.164256117085289,0.230769230769231,0.245810055865922,"2","1",TRUE,85,10,203,"NW"
"119A",0.417409237682542,0.230769230769231,0.278606965174129,"2","1",TRUE,86,10,204,"NW"
"119A",0.0964935867592251,0.253846153846154,0.242718446601942,"2","1",TRUE,80,10,205,"NW"
"119A",2.27318961631232,0.207692307692308,0.303191489361702,"2","1",TRUE,80,10,206,"NW"
"119A",0.742312986944765,0.246153846153846,0.311111111111111,"2","1",TRUE,82,10,207,"NW"
"119A",1.12876948572447,0.176923076923077,0.254335260115607,"2","1",TRUE,82,10,208,"NW"
"119A",0.882255875850659,0.230769230769231,0.302884615384615,"2","1",TRUE,87,10,209,"NW"
"119A",NA,0.184615384615385,0.313186813186813,"2","1",TRUE,79,10,210,"NW"
"119A",NA,0.153846153846154,0.269607843137255,"2","1",TRUE,75,10,211,"NW"
"119A",0.655513527096113,0.269230769230769,0.325471698113208,"2","1",TRUE,89,10,212,"NW"
"119A",9.03016258185847,0.230769230769231,0.346153846153846,"2","1",TRUE,83,10,213,"NW"
"119A",2.8290795832063,0.246153846153846,0.346341463414634,"2","1",TRUE,81,10,214,"NW"
"119A",0.172394597729832,0.215384615384615,0.235602094240838,"2","1",TRUE,72,10,215,"NW"
"119A",0.431085540879151,0.207692307692308,0.259259259259259,"2","1",TRUE,84,10,216,"NW"
"119A",0.775512779583187,0.246153846153846,0.3125,"2","1",TRUE,87,10,217,"NW"
"119A",0.519483259863327,0.215384615384615,0.272277227722772,"2","1",TRUE,83,10,218,"NW"
"119A",NA,0.176923076923077,0.312169312169312,"2","1",TRUE,87,10,219,"NW"
"119A",23.4280948538573,0.184615384615385,0.297979797979798,"2","1",TRUE,87,10,220,"NW"
"119A",0.115479860511974,0.292307692307692,0.272222222222222,"2","1",TRUE,85,10,221,"NW"
"119A",0.0456526452165451,0.261538461538462,0.221590909090909,"2","1",TRUE,77,10,222,"NW"
"119A",NA,0.207692307692308,0.34070796460177,"2","1",TRUE,80,10,223,"NW"
"119A",0.314448664794049,0.246153846153846,0.280898876404494,"2","1",TRUE,85,10,224,"NW"
"119A",0.564384603360997,0.207692307692308,0.267676767676768,"2","1",TRUE,81,10,225,"NW"
"119A",0.316628537550337,0.215384615384615,0.256038647342995,"2","1",TRUE,89,10,226,"NW"
"119A",1.63162842298736,0.238461538461538,0.327014218009479,"2","1",TRUE,83,10,227,"NW"
"119A",1.62039525248677,0.215384615384615,0.304123711340206,"2","1",TRUE,79,10,228,"NW"
"119A",0.228315740508458,0.246153846153846,0.269035532994924,"2","1",TRUE,83,10,229,"NW"
"119A",NA,0.161538461538462,0.331730769230769,"2","1",TRUE,84,10,230,"NW"
"119A",4.69534130545382,0.2,0.305825242718447,"2","1",TRUE,86,10,231,"NW"
"119A",3.57812382331973,0.184615384615385,0.28436018957346,"2","1",TRUE,80,10,232,"NW"
"119A",2.25234681394427,0.176923076923077,0.268156424581006,"2","1",TRUE,78,10,233,"NW"
"119A",1.16039663476321,0.169230769230769,0.246153846153846,"2","1",TRUE,80,10,234,"NW"
"119A",2.35850751138224,0.276923076923077,0.369791666666667,"2","1",TRUE,82,10,235,"NW"
"119A",1.02000161662457,0.269230769230769,0.340425531914894,"2","1",TRUE,84,10,236,"NW"
"119A",0.636180507200044,0.230769230769231,0.292682926829268,"2","1",TRUE,81,10,237,"NW"
"119A",0.273869553893664,0.238461538461538,0.269911504424779,"2","1",TRUE,88,10,238,"NW"
"119A",0.351200038995165,0.246153846153846,0.284974093264249,"2","1",TRUE,85,10,239,"NW"
"119A",0.700784614477921,0.223076923076923,0.288770053475936,"2","1",TRUE,87,10,240,"NW"
"119A",0.255588173305391,0.246153846153846,0.273224043715847,"2","1",TRUE,86,10,241,"NW"
"119A",0.454533352945044,0.192307692307692,0.246305418719212,"2","1",TRUE,86,10,242,"NW"
"119A",11.3424133597933,0.207692307692308,0.322429906542056,"2","1",TRUE,79,10,243,"NW"
"119A",0.296174152715284,0.223076923076923,0.26027397260274,"2","1",TRUE,81,10,244,"NW"
"119A",0.53774088464233,0.176923076923077,0.235602094240838,"2","1",TRUE,78,10,245,"NW"
"119A",0.149801979340737,0.246153846153846,0.253588516746411,"2","1",TRUE,78,10,246,"NW"
"119A",NA,0.161538461538462,0.327188940092166,"2","1",TRUE,76,10,247,"NW"
"119A",0.657024793140015,0.215384615384615,0.279620853080569,"2","1",TRUE,82,10,248,"NW"
"119A",0.710534481305413,0.215384615384615,0.282051282051282,"2","1",TRUE,83,10,249,"NW"
"119A",0.532810355792739,0.2,0.258536585365854,"2","1",TRUE,84,10,250,"NW"
"119A",0.16808252061519,0.246153846153846,0.257731958762887,"2","1",TRUE,89,10,251,"NW"
"119A",NA,0.184615384615385,0.333333333333333,"2","1",TRUE,75,10,252,"NW"
"119A",0.669241028940147,0.223076923076923,0.28735632183908,"2","1",TRUE,85,10,253,"NW"
"119A",0.481468919151456,0.246153846153846,0.296296296296296,"2","1",TRUE,81,10,254,"NW"
"119A",0.559209779112722,0.138461538461538,0.193877551020408,"2","1",TRUE,82,10,255,"NW"
"119A",0.374591014679425,0.261538461538462,0.299019607843137,"2","1",TRUE,84,10,256,"NW"
"119A",0.447265146257849,0.207692307692308,0.260416666666667,"2","1",TRUE,88,10,257,"NW"
"119A",20.5461887326418,0.238461538461538,0.358974358974359,"2","1",TRUE,84,10,258,"NW"
"119A",1.53680463563413,0.230769230769231,0.318181818181818,"2","1",TRUE,79,10,259,"NW"
"119A",NA,0.153846153846154,0.275510204081633,"2","1",TRUE,84,10,260,"NW"
"119A",0.117898193517472,0.253846153846154,0.25,"2","1",TRUE,82,10,261,"NW"
"119A",NA,0.176923076923077,0.336898395721925,"2","1",TRUE,72,10,262,"NW"
"119A",0.618841112105309,0.215384615384615,0.277777777777778,"2","1",TRUE,84,10,263,"NW"
"119A",0.108518442097328,0.223076923076923,0.225961538461538,"2","1",TRUE,83,10,264,"NW"
"119A",0.172792048111757,0.315384615384615,0.301075268817204,"2","1",TRUE,84,10,265,"NW"
"119A",1.61666807453496,0.223076923076923,0.311881188118812,"2","1",TRUE,83,10,266,"NW"
"119A",1.15772752995943,0.253846153846154,0.331578947368421,"2","1",TRUE,79,10,267,"NW"
"119A",0.992200998988919,0.215384615384615,0.291666666666667,"2","1",TRUE,81,10,268,"NW"
"119A",0.450365751273308,0.253846153846154,0.3,"2","1",TRUE,84,10,269,"NW"
"119A",NA,0.223076923076923,0.368686868686869,"2","1",TRUE,76,10,270,"NW"
"119A",2.15096460189426,0.269230769230769,0.361256544502618,"2","1",TRUE,80,10,271,"NW"
"119A",0.350392220631091,0.215384615384615,0.259433962264151,"2","1",TRUE,80,10,272,"NW"
"119A",0.0675278540011815,0.230769230769231,0.215789473684211,"2","1",TRUE,84,10,273,"NW"
"119A",0.588270347379741,0.192307692307692,0.253886010362694,"2","1",TRUE,82,10,274,"NW"
"119A",1.7203767408863,0.238461538461538,0.328282828282828,"2","1",TRUE,80,10,275,"NW"
"119A",NA,0.192307692307692,0.326530612244898,"2","1",TRUE,79,10,276,"NW"
"119A",0.382435549738144,0.3,0.325966850828729,"2","1",TRUE,83,10,277,"NW"
"119A",0.157586769252805,0.269230769230769,0.270833333333333,"2","1",TRUE,89,10,278,"NW"
"119A",0.542717039697327,0.292307692307692,0.334975369458128,"2","1",TRUE,81,10,279,"NW"
"119A",0.181353462834341,0.238461538461538,0.255,"2","1",TRUE,79,10,280,"NW"
"119A",0.373729393190028,0.192307692307692,0.240437158469945,"2","1",TRUE,77,10,281,"NW"
"119A",0.425170238067799,0.192307692307692,0.244318181818182,"2","1",TRUE,78,10,282,"NW"
"119A",NA,0.153846153846154,0.31413612565445,"2","1",TRUE,87,10,283,"NW"
"119A",NA,0.2,0.344444444444444,"2","1",TRUE,86,10,284,"NW"
"119A",0.71217259644756,0.184615384615385,0.251256281407035,"2","1",TRUE,79,10,285,"NW"
"119A",1.8349589904469,0.215384615384615,0.306930693069307,"2","1",TRUE,75,10,286,"NW"
"119A",0.733814955527616,0.238461538461538,0.304123711340206,"2","1",TRUE,81,10,287,"NW"
"119A",4.52548955179907,0.184615384615385,0.287292817679558,"2","1",TRUE,87,10,288,"NW"
"119A",3.86063430887435,0.192307692307692,0.294444444444444,"2","1",TRUE,81,10,289,"NW"
"119A",1.78494633121277,0.230769230769231,0.321782178217822,"2","1",TRUE,80,10,290,"NW"
"119A",0.159411721587109,0.253846153846154,0.261111111111111,"2","1",TRUE,82,10,291,"NW"
"119A",0.890420109149261,0.230769230769231,0.303191489361702,"2","1",TRUE,85,10,292,"NW"
"119A",0.316628537550337,0.215384615384615,0.256038647342995,"2","1",TRUE,83,10,293,"NW"
"119A",0.534038733492459,0.207692307692308,0.266009852216749,"2","1",TRUE,79,10,294,"NW"
"119A",NA,0.123076923076923,0.231155778894472,"2","1",TRUE,90,10,295,"NW"
"119A",0.640590742354438,0.261538461538462,0.318681318681319,"2","1",TRUE,88,10,296,"NW"
"119A",0.23525407436792,0.269230769230769,0.286458333333333,"2","1",TRUE,85,10,297,"NW"
"119A",89.7005858546303,0.207692307692308,0.328205128205128,"2","1",TRUE,76,10,298,"NW"
"119A",0.111302431110414,0.276923076923077,0.262032085561497,"2","1",TRUE,90,10,299,"NW"
"119A",0.201154778126097,0.238461538461538,0.258706467661692,"2","1",TRUE,84,10,300,"NW"
"119A",0.618841112105309,0.261538461538462,0.317460317460317,"2","1",TRUE,83,10,301,"NW"
"119A",2.88832503519174,0.230769230769231,0.331730769230769,"2","1",TRUE,84,10,302,"NW"
"119A",0.24408368641949,0.261538461538462,0.282608695652174,"2","1",TRUE,79,10,303,"NW"
"119A",0.206315308275714,0.253846153846154,0.270833333333333,"2","1",TRUE,80,10,304,"NW"
"119A",0.694359142921429,0.2,0.266331658291457,"2","1",TRUE,84,10,305,"NW"
"119A",0.745739691473518,0.253846153846154,0.317708333333333,"2","1",TRUE,85,10,306,"NW"
"119A",0.733814955527616,0.261538461538462,0.323383084577114,"2","1",TRUE,83,10,307,"NW"
"119A",6.2471159670474,0.2,0.308900523560209,"2","1",TRUE,86,10,308,"NW"
"119A",0.763111957654388,0.230769230769231,0.298507462686567,"2","1",TRUE,90,10,309,"NW"
"119A",0.123455132783221,0.184615384615385,0.2,"2","1",TRUE,86,10,310,"NW"
"119A",0.620267831037318,0.238461538461538,0.298578199052133,"2","1",TRUE,83,10,311,"NW"
"119A",1.64672721174754,0.269230769230769,0.354545454545455,"2","1",TRUE,80,10,312,"NW"
"119A",0.20584074883292,0.246153846153846,0.265193370165746,"2","1",TRUE,84,10,313,"NW"
"119A",8.74367827729954,0.238461538461538,0.353846153846154,"2","1",TRUE,82,10,314,"NW"
"119A",0.717109636462622,0.207692307692308,0.274881516587678,"2","1",TRUE,78,10,315,"NW"
"119A",0.888371995151409,0.238461538461538,0.310126582278481,"2","1",TRUE,79,10,316,"NW"
"119A",1.48462634085057,0.215384615384615,0.302083333333333,"2","1",TRUE,83,10,317,"NW"
"119A",NA,0.153846153846154,0.287958115183246,"2","1",TRUE,83,10,318,"NW"
"119A",0.692762001678165,0.261538461538462,0.321428571428571,"2","1",TRUE,85,10,319,"NW"
"119A",0.582876515513965,0.253846153846154,0.309278350515464,"2","1",TRUE,79,10,320,"NW"
"119A",NA,0.223076923076923,0.353535353535354,"2","1",TRUE,84,10,321,"NW"
"119A",0.257360003680892,0.269230769230769,0.289940828402367,"2","1",TRUE,81,10,322,"NW"
"119A",1.45417361910994,0.192307692307692,0.277173913043478,"2","1",TRUE,83,10,323,"NW"
"119A",7.88296628233041,0.215384615384615,0.32843137254902,"2","1",TRUE,82,10,324,"NW"
"119A",0.59508288214229,0.269230769230769,0.322033898305085,"2","1",TRUE,84,10,325,"NW"
"119A",NA,0.207692307692308,0.329896907216495,"2","1",TRUE,84,10,326,"NW"
"119A",1.5798645782259,0.207692307692308,0.295566502463054,"2","1",TRUE,80,10,327,"NW"
"119A",0.0953889239737762,0.276923076923077,0.25615763546798,"2","1",TRUE,79,10,328,"NW"
"119A",0.518288362168134,0.238461538461538,0.292553191489362,"2","1",TRUE,83,10,329,"NW"
"119A",0.125750566728124,0.238461538461538,0.241935483870968,"2","1",TRUE,84,10,330,"NW"
"119A",2.4023598655038,0.184615384615385,0.278301886792453,"2","1",TRUE,80,10,331,"NW"
"119A",0.305174649779155,0.292307692307692,0.311881188118812,"2","1",TRUE,82,10,332,"NW"
"119A",1.05342169962857,0.238461538461538,0.315217391304348,"2","1",TRUE,82,10,333,"NW"
"119A",0.243522253440084,0.253846153846154,0.277056277056277,"2","1",TRUE,80,10,334,"NW"
"119A",13.173827462661,0.238461538461538,0.35678391959799,"2","1",TRUE,79,10,335,"NW"
"119A",9.74313835955837,0.207692307692308,0.321428571428571,"2","1",TRUE,79,10,336,"NW"
"119A",1.77265762246608,0.192307692307692,0.281407035175879,"2","1",TRUE,86,10,337,"NW"
"119A",0.631800634916718,0.169230769230769,0.231638418079096,"2","1",TRUE,77,10,338,"NW"
"119A",0.0754202119891575,0.276923076923077,0.247474747474747,"2","1",TRUE,79,10,339,"NW"
"119A",NA,0.176923076923077,0.297872340425532,"2","1",TRUE,82,10,340,"NW"
"119A",0.117086507173428,0.284615384615385,0.268421052631579,"2","1",TRUE,88,10,341,"NW"
"119A",1.36336914587824,0.223076923076923,0.307692307692308,"2","1",TRUE,80,10,342,"NW"
"119A",NA,0.161538461538462,0.295918367346939,"2","1",TRUE,85,10,343,"NW"
"119A",1.65432892112533,0.161538461538462,0.244131455399061,"2","1",TRUE,89,10,344,"NW"
"119A",0.485924343807243,0.184615384615385,0.240641711229947,"2","1",TRUE,83,10,345,"NW"
"119A",0.2894317394098,0.207692307692308,0.246376811594203,"2","1",TRUE,80,10,346,"NW"
"119A",2.83560193817362,0.253846153846154,0.353591160220994,"2","1",TRUE,79,10,347,"NW"
"119A",4.26248600706835,0.169230769230769,0.267676767676768,"2","1",TRUE,79,10,348,"NW"
"119A",2.20614657560744,0.246153846153846,0.341232227488152,"2","1",TRUE,82,10,349,"NW"
"119A",0.12260518892579,0.284615384615385,0.27027027027027,"2","1",TRUE,79,10,350,"NW"
"119A",0.390444361909437,0.246153846153846,0.288770053475936,"2","1",TRUE,84,10,351,"NW"
"119A",4.36178210509514,0.223076923076923,0.330275229357798,"2","1",TRUE,79,10,352,"NW"
"119A",0.261542188935925,0.246153846153846,0.274111675126904,"2","1",TRUE,84,10,353,"NW"
"119A",0.135679192851568,0.207692307692308,0.221674876847291,"2","1",TRUE,82,10,354,"NW"
"119A",NA,0.230769230769231,0.387434554973822,"2","1",TRUE,82,10,355,"NW"
"119A",0.489292948470826,0.161538461538462,0.216666666666667,"2","1",TRUE,80,10,356,"NW"
"119A",NA,0.153846153846154,0.272727272727273,"2","1",TRUE,79,10,357,"NW"
"119A",3.26325765256719,0.246153846153846,0.348958333333333,"2","1",TRUE,86,10,358,"NW"
"119A",2.03062983647663,0.207692307692308,0.300970873786408,"2","1",TRUE,88,10,359,"NW"
"119A",1.89072193550618,0.207692307692308,0.299492385786802,"2","1",TRUE,83,10,360,"NW"
"119A",0.288101788672914,0.207692307692308,0.246231155778894,"2","1",TRUE,79,10,361,"NW"
"119A",0.133509617372876,0.2,0.21505376344086,"2","1",TRUE,77,10,362,"NW"
"119A",0.852301120316187,0.246153846153846,0.315533980582524,"2","1",TRUE,83,10,363,"NW"
"119A",2.02595905091169,0.269230769230769,0.35978835978836,"2","1",TRUE,83,10,364,"NW"
"119A",0.255000278097215,0.230769230769231,0.261306532663317,"2","1",TRUE,81,10,365,"NW"
"119A",0.363543225060549,0.215384615384615,0.260663507109005,"2","1",TRUE,77,10,366,"NW"
"119A",0.255000278097215,0.230769230769231,0.261306532663317,"2","1",TRUE,86,10,367,"NW"
"119A",4.81579805321423,0.223076923076923,0.331578947368421,"2","1",TRUE,82,10,368,"NW"
"119A",0.480361460747596,0.284615384615385,0.325,"2","1",TRUE,82,10,369,"NW"
"119A",0.249769701015962,0.261538461538462,0.283505154639175,"2","1",TRUE,85,10,370,"NW"
"119A",0.596454827214229,0.3,0.34375,"2","1",TRUE,82,10,371,"NW"
"119A",0.157950080646842,0.238461538461538,0.25,"2","1",TRUE,76,10,372,"NW"
"119A",0.131072550760276,0.246153846153846,0.248730964467005,"2","1",TRUE,81,10,373,"NW"
"119A",NA,0.184615384615385,0.338308457711443,"2","1",TRUE,79,10,374,"NW"
"119A",5.56768385915227,0.223076923076923,0.333333333333333,"2","1",TRUE,79,10,375,"NW"
"119A",5.56768385915227,0.223076923076923,0.333333333333333,"2","1",TRUE,83,10,376,"NW"
"119A",0.789932093862222,0.223076923076923,0.292452830188679,"2","1",TRUE,80,10,377,"NW"
"119A",1.81395229997503,0.184615384615385,0.273170731707317,"2","1",TRUE,83,10,378,"NW"
"119A",0.960723158960983,0.223076923076923,0.298245614035088,"2","1",TRUE,80,10,379,"NW"
"119A",6.21841021245142,0.215384615384615,0.32620320855615,"2","1",TRUE,85,10,380,"NW"
"119A",0.827164256109114,0.215384615384615,0.286486486486487,"2","1",TRUE,84,10,381,"NW"
"119A",0.519483259863327,0.246153846153846,0.299019607843137,"2","1",TRUE,85,10,382,"NW"
"119A",4.11776413010977,0.153846153846154,0.247474747474747,"2","1",TRUE,79,10,383,"NW"
"119A",14.9526260349761,0.230769230769231,0.349462365591398,"2","1",TRUE,77,10,384,"NW"
"119A",0.850340686317711,0.207692307692308,0.27979274611399,"2","1",TRUE,82,10,385,"NW"
"119A",9.28317996178633,0.230769230769231,0.346368715083799,"2","1",TRUE,83,10,386,"NW"
"119A",0.77730070017056,0.169230769230769,0.236842105263158,"2","1",TRUE,81,10,387,"NW"
"119A",1.11071991934768,0.169230769230769,0.245192307692308,"2","1",TRUE,85,10,388,"NW"
"119A",0.234173072228352,0.246153846153846,0.27,"2","1",TRUE,84,10,389,"NW"
"119A",0.264571009378661,0.215384615384615,0.25,"2","1",TRUE,87,10,390,"NW"
"119A",1.18742847904478,0.246153846153846,0.325581395348837,"2","1",TRUE,79,10,391,"NW"
"119A",0.417409237682542,0.192307692307692,0.243781094527363,"2","1",TRUE,88,10,392,"NW"
"119A",1.05585033058545,0.246153846153846,0.322115384615385,"2","1",TRUE,83,10,393,"NW"
"119A",0.489292948470826,0.246153846153846,0.296875,"2","1",TRUE,83,10,394,"NW"
"119A",1.34156821822577,0.238461538461538,0.321951219512195,"2","1",TRUE,80,10,395,"NW"
"119A",NA,0.2,0.341968911917098,"2","1",TRUE,81,10,396,"NW"
"119A",0.54522235884231,0.253846153846154,0.306930693069307,"2","1",TRUE,81,10,397,"NW"
"119A",0.624567753720614,0.230769230769231,0.292079207920792,"2","1",TRUE,84,10,398,"NW"
"119A",1.66579733218525,0.292307692307692,0.373056994818653,"2","1",TRUE,83,10,399,"NW"
"119A",0.529142149547507,0.261538461538462,0.311827956989247,"2","1",TRUE,81,10,400,"NW"
"119A",1.72434301594204,0.253846153846154,0.342465753424658,"2","1",TRUE,85,10,401,"NW"
"119A",0.951914319263258,0.238461538461538,0.31219512195122,"2","1",TRUE,88,10,402,"NW"
"119A",7.90114021585774,0.169230769230769,0.273255813953488,"2","1",TRUE,77,10,403,"NW"
"119A",0.194325078978388,0.223076923076923,0.245714285714286,"2","1",TRUE,84,10,404,"NW"
"119A",1.10816507923218,0.284615384615385,0.355,"2","1",TRUE,83,10,405,"NW"
"119A",0.34320495976864,0.238461538461538,0.278048780487805,"2","1",TRUE,89,10,406,"NW"
"119A",0.39587653101463,0.276923076923077,0.31219512195122,"2","1",TRUE,86,10,407,"NW"
"119A",9.03016258185847,0.130769230769231,0.221649484536082,"2","1",TRUE,84,10,408,"NW"
"119A",0.220056526451474,0.223076923076923,0.25,"2","1",TRUE,81,10,409,"NW"
"119A",0.49953952550511,0.269230769230769,0.315508021390374,"2","1",TRUE,81,10,410,"NW"
"119A",0.86415900396307,0.238461538461538,0.309278350515464,"2","1",TRUE,86,10,411,"NW"
"119A",5.112942010192,0.207692307692308,0.315533980582524,"2","1",TRUE,90,10,412,"NW"
"119A",0.919594488357284,0.230769230769231,0.304123711340206,"2","1",TRUE,80,10,413,"NW"
"119A",0.0449226374864167,0.184615384615385,0.172248803827751,"2","1",TRUE,82,10,414,"NW"
"119A",0.414535526321947,0.215384615384615,0.265,"2","1",TRUE,81,10,415,"NW"
"119A",0.630347388622156,0.215384615384615,0.278350515463918,"2","1",TRUE,85,10,416,"NW"
"119A",0.603362143319462,0.330769230769231,0.36283185840708,"2","1",TRUE,75,10,417,"NW"
"119A",2.78384124148278,0.207692307692308,0.306878306878307,"2","1",TRUE,81,10,418,"NW"
"119A",0.349586260383295,0.307692307692308,0.326923076923077,"2","1",TRUE,82,10,419,"NW"
"119A",0.497244120856663,0.223076923076923,0.277777777777778,"2","1",TRUE,84,10,420,"NW"
"119A",0.291438185721021,0.2,0.239795918367347,"2","1",TRUE,83,10,421,"NW"
"119A",12.5230400924972,0.223076923076923,0.34020618556701,"2","1",TRUE,77,10,422,"NW"
"119A",1.55102594253967,0.223076923076923,0.310880829015544,"2","1",TRUE,84,10,423,"NW"
"119A",NA,0.176923076923077,0.321243523316062,"2","1",TRUE,83,10,424,"NW"
"119A",NA,0.184615384615385,0.307228915662651,"2","1",TRUE,81,10,425,"NW"
"119A",0.552807921196648,0.238461538461538,0.294685990338164,"2","1",TRUE,83,10,426,"NW"
"119A",5.24411210539252,0.169230769230769,0.26984126984127,"2","1",TRUE,83,10,427,"NW"
"119A",NA,0.292307692307692,0.430769230769231,"2","1",TRUE,82,10,428,"NW"
"119A",5.00806511556332,0.215384615384615,0.323809523809524,"2","1",TRUE,81,10,429,"NW"
"119A",0.518288362168134,0.246153846153846,0.298913043478261,"2","1",TRUE,82,10,430,"NW"
"119A",0.825261641069257,0.223076923076923,0.293785310734463,"2","1",TRUE,86,10,431,"NW"
"119A",5.04278284831083,0.230769230769231,0.34020618556701,"2","1",TRUE,85,10,432,"NW"
"119A",0.157950080646842,0.230769230769231,0.244444444444444,"2","1",TRUE,86,10,433,"NW"
"119A",3.34697497541142,0.207692307692308,0.309859154929577,"2","1",TRUE,82,10,434,"NW"
"119A",0.556640187196779,0.161538461538462,0.22,"2","1",TRUE,77,10,435,"NW"
"119A",0.164256117085289,0.2,0.221518987341772,"2","1",TRUE,80,10,436,"NW"
"119A",0.467268986108841,0.284615384615385,0.323943661971831,"2","1",TRUE,80,10,437,"NW"
"119A",0.316628537550337,0.284615384615385,0.308457711442786,"2","1",TRUE,78,10,438,"NW"
"119A",6.48158421410496,0.215384615384615,0.326633165829146,"2","1",TRUE,77,10,439,"NW"
"119A",3.08069614329216,0.2,0.3,"2","1",TRUE,79,10,440,"NW"
"119A",0.980842238722258,0.253846153846154,0.326530612244898,"2","1",TRUE,81,10,441,"NW"
"119A",0.74918221453722,0.269230769230769,0.330143540669856,"2","1",TRUE,82,10,442,"NW"
"119A",10.6341472650318,0.169230769230769,0.275132275132275,"2","1",TRUE,82,10,443,"NW"
"119A",0.325500196532683,0.246153846153846,0.282178217821782,"2","1",TRUE,86,10,444,"NW"
"119A",1.89944998625157,0.215384615384615,0.307692307692308,"2","1",TRUE,81,10,445,"NW"
"119A",1.15240772438205,0.261538461538462,0.337962962962963,"2","1",TRUE,82,10,446,"NW"
"119A",0.270111549533817,0.2,0.237373737373737,"2","1",TRUE,79,10,447,"NW"
"119A",3.52090790432993,0.246153846153846,0.350282485875706,"2","1",TRUE,80,10,448,"NW"
"119A",NA,0.169230769230769,0.287958115183246,"2","1",TRUE,79,10,449,"NW"
"119A",2.73302537759299,0.176923076923077,0.271276595744681,"2","1",TRUE,80,10,450,"NW"
"119A",NA,0.192307692307692,0.315,"2","1",TRUE,85,10,451,"NW"
"119A",131.163132811255,0.223076923076923,0.345971563981043,"2","1",TRUE,85,10,452,"NW"
"119A",2.8684399638579,0.169230769230769,0.262626262626263,"2","1",TRUE,85,10,453,"NW"
"119A",0.890420109149261,0.246153846153846,0.316939890710383,"2","1",TRUE,84,10,454,"NW"
"119A",2.21633070628369,0.192307692307692,0.285714285714286,"2","1",TRUE,84,10,455,"NW"
"119A",0.220563859927319,0.261538461538462,0.278688524590164,"2","1",TRUE,82,10,456,"NW"
"119A",NA,0.207692307692308,0.338383838383838,"2","1",TRUE,90,10,457,"NW"
"119A",0.260340391829598,0.223076923076923,0.255813953488372,"2","1",TRUE,89,10,458,"NW"
"119A",2.56827168714929,0.184615384615385,0.279411764705882,"2","1",TRUE,82,10,459,"NW"
"119A",0.33078968247836,0.246153846153846,0.282722513089005,"2","1",TRUE,82,10,460,"NW"
"119A",1.94817947213828,0.269230769230769,0.358851674641148,"2","1",TRUE,78,10,461,"NW"
"119A",NA,0.153846153846154,0.279187817258883,"2","1",TRUE,83,10,462,"NW"
"119A",3.56168219730733,0.230769230769231,0.335260115606936,"2","1",TRUE,76,10,463,"NW"
"119A",0.906975925806589,0.230769230769231,0.303738317757009,"2","1",TRUE,82,10,464,"NW"
"119A",NA,0.192307692307692,0.327272727272727,"2","1",TRUE,83,10,465,"NW"
"119A",0.237431072220991,0.246153846153846,0.270531400966184,"2","1",TRUE,82,10,466,"NW"
"119A",0.433075540786454,0.223076923076923,0.273224043715847,"2","1",TRUE,82,10,467,"NW"
"119A",0.850340686317711,0.184615384615385,0.255924170616114,"2","1",TRUE,79,10,468,"NW"
"119A",0.485924343807243,0.346153846153846,0.361809045226131,"2","1",TRUE,77,10,469,"NW"
"119A",0.298914893747416,0.207692307692308,0.247422680412371,"2","1",TRUE,85,10,470,"NW"
"119A",0.305878220440335,0.176923076923077,0.219653179190751,"2","1",TRUE,85,10,471,"NW"
"119A",0.236340066686823,0.238461538461538,0.264550264550265,"2","1",TRUE,88,10,472,"NW"
"119A",0.31809017497638,0.292307692307692,0.313609467455621,"2","1",TRUE,81,10,473,"NW"
"119A",0.969613514038032,0.230769230769231,0.305699481865285,"2","1",TRUE,78,10,474,"NW"
"119A",0.264571009378661,0.261538461538462,0.285714285714286,"2","1",TRUE,78,10,475,"NW"
"119A",0.377187816126125,0.284615384615385,0.315533980582524,"2","1",TRUE,83,10,476,"NW"
"119A",0.306583413161786,0.276923076923077,0.302083333333333,"2","1",TRUE,90,10,477,"NW"
"119A",0.649503144681553,0.223076923076923,0.286458333333333,"2","1",TRUE,74,10,478,"NW"
"119A",10.2967761206937,0.184615384615385,0.294392523364486,"2","1",TRUE,84,10,479,"NW"
"119A",1.03896677653223,0.215384615384615,0.292929292929293,"2","1",TRUE,81,10,480,"NW"
"119A",3.27832167538937,0.246153846153846,0.349056603773585,"2","1",TRUE,79,10,481,"NW"
"119A",0.57753213951882,0.207692307692308,0.268421052631579,"2","1",TRUE,89,10,482,"NW"
"119A",3.4170659853566,0.169230769230769,0.265,"2","1",TRUE,84,10,483,"NW"
"119A",0.458739520834672,0.215384615384615,0.268292682926829,"2","1",TRUE,85,10,484,"NW"
"119A",NA,0.107692307692308,0.284090909090909,"2","1",TRUE,79,10,485,"NW"
"119A",0.159779240351979,0.223076923076923,0.239024390243902,"2","1",TRUE,80,10,486,"NW"
"119A",0.72541420994439,0.223076923076923,0.289855072463768,"2","1",TRUE,85,10,487,"NW"
"119A",NA,0.184615384615385,0.333333333333333,"2","1",TRUE,84,10,488,"NW"
"119A",2.7902593008606,0.207692307692308,0.306930693069307,"2","1",TRUE,86,10,489,"NW"
"119A",0.483691501478219,0.215384615384615,0.27,"2","1",TRUE,81,10,490,"NW"
"119A",0.47705434614082,0.261538461538462,0.308080808080808,"2","1",TRUE,80,10,491,"NW"
"119A",0.0797058410923374,0.315384615384615,0.269005847953216,"2","1",TRUE,79,10,492,"NW"
"119A",0.892472945010217,0.261538461538462,0.32994923857868,"2","1",TRUE,86,10,493,"NW"
"119A",0.228315740508458,0.230769230769231,0.257425742574257,"2","1",TRUE,81,10,494,"NW"
"119A",15.0909948809286,0.223076923076923,0.341232227488152,"2","1",TRUE,82,10,495,"NW"
"119A",5.31707231827348,0.176923076923077,0.279620853080569,"2","1",TRUE,82,10,496,"NW"
"119A",0.179690638775366,0.269230769230769,0.275862068965517,"2","1",TRUE,88,10,497,"NW"
"119A",0.140447738798657,0.238461538461538,0.245810055865922,"2","1",TRUE,82,10,498,"NW"
"119A",2.70796635594198,0.169230769230769,0.261780104712042,"2","1",TRUE,83,10,499,"NW"
"119A",0.145719056842539,0.269230769230769,0.26775956284153,"2","1",TRUE,83,10,500,"NW"
"119A",0.264571009378661,0.215384615384615,0.25,"2","1",TRUE,86,10,501,"NW"
"119A",0.466194189907163,0.215384615384615,0.268817204301075,"2","1",TRUE,87,10,502,"NW"
"119A",6.7870831259121,0.276923076923077,0.38755980861244,"2","1",TRUE,82,10,503,"NW"
"119A",0.440113161687481,0.284615384615385,0.321608040201005,"2","1",TRUE,81,10,504,"NW"
"119A",0.393151064537448,0.223076923076923,0.27,"2","1",TRUE,82,10,505,"NW"
"119A",0.283494902657932,0.276923076923077,0.298969072164948,"2","1",TRUE,81,10,506,"NW"
"119A",4.3317528157161,0.238461538461538,0.345971563981043,"2","1",TRUE,85,10,507,"NW"
"119A",17.5276774434959,0.192307692307692,0.306451612903226,"2","1",TRUE,78,10,508,"NW"
"119A",3.57812382331973,0.184615384615385,0.28436018957346,"2","1",TRUE,86,10,509,"NW"
"119A",0.588270347379741,0.192307692307692,0.253886010362694,"2","1",TRUE,79,10,510,"NW"
"119A",0.713814488213206,0.184615384615385,0.251336898395722,"2","1",TRUE,79,10,511,"NW"
"119A",1.24913581619513,0.230769230769231,0.312849162011173,"2","1",TRUE,82,10,512,"NW"
"119A",NA,0.2,0.341836734693878,"2","1",TRUE,83,10,513,"NW"
"119A",0.550267746080916,0.246153846153846,0.301020408163265,"2","1",TRUE,83,10,514,"NW"
"119A",1.09547875712233,0.238461538461538,0.316326530612245,"2","1",TRUE,86,10,515,"NW"
"119A",0.239077030953778,0.2,0.233502538071066,"2","1",TRUE,84,10,516,"NW"
"119A",NA,0.207692307692308,0.379807692307692,"2","1",TRUE,75,10,517,"NW"
"119A",0.390444361909437,0.230769230769231,0.276243093922652,"2","1",TRUE,79,10,518,"NW"
"119A",2.43018067980933,0.223076923076923,0.320652173913043,"2","1",TRUE,79,10,519,"NW"
"119A",0.225182819977301,0.176923076923077,0.21078431372549,"2","1",TRUE,82,10,520,"NW"
"119A",2.23684022222826,0.230769230769231,0.326732673267327,"2","1",TRUE,80,10,521,"NW"
"119A",3.53716130589137,0.207692307692308,0.310679611650485,"2","1",TRUE,82,10,522,"NW"
"119A",0.780888916834316,0.223076923076923,0.292079207920792,"2","1",TRUE,80,10,523,"NW"
"119A",0.626007675246712,0.207692307692308,0.270833333333333,"2","1",TRUE,82,10,524,"NW"
"119A",5.87052399734264,0.146153846153846,0.240437158469945,"2","1",TRUE,85,10,525,"NW"
"119A",0.791753257730084,0.207692307692308,0.277777777777778,"2","1",TRUE,83,10,526,"NW"
"119A",0.163878300761086,0.276923076923077,0.277173913043478,"2","1",TRUE,81,10,527,"NW"
"119A",0.371156401732145,0.223076923076923,0.268041237113402,"2","1",TRUE,91,10,528,"NW"
"119A",2.689322988765,0.223076923076923,0.32258064516129,"2","1",TRUE,81,10,529,"NW"
"119A",0.165014364873204,0.215384615384615,0.234146341463415,"2","1",TRUE,82,10,530,"NW"
"119A",NA,0.184615384615385,0.321243523316062,"2","1",TRUE,80,10,531,"NW"
"119A",0.472680250207918,0.276923076923077,0.319047619047619,"2","1",TRUE,85,10,532,"NW"
"119A",0.925969452529307,0.223076923076923,0.297169811320755,"2","1",TRUE,87,10,533,"NW"
"119A",3.37017742586436,0.253846153846154,0.35678391959799,"2","1",TRUE,78,10,534,"NW"
"119A",0.813937502255502,0.253846153846154,0.320574162679426,"2","1",TRUE,83,10,535,"NW"
"119A",0.526710719625056,0.230769230769231,0.286486486486487,"2","1",TRUE,78,10,536,"NW"
"119A",NA,0.153846153846154,0.27906976744186,"2","1",TRUE,84,10,537,"NW"
"119A",1.10816507923218,0.253846153846154,0.330275229357798,"2","1",TRUE,84,10,538,"NW"
"119A",57.6469159046431,0.176923076923077,0.29,"2","1",TRUE,89,10,539,"NW"
"119A",0.663104779503368,0.2,0.265,"2","1",TRUE,87,10,540,"NW"
"119A",6.57176111241738,0.207692307692308,0.318181818181818,"2","1",TRUE,85,10,541,"NW"
"119A",0.228842115345371,0.215384615384615,0.245098039215686,"2","1",TRUE,84,10,542,"NW"
"119A",0.350392220631091,0.261538461538462,0.296482412060302,"2","1",TRUE,85,10,543,"NW"
"119A",0.249769701015962,0.192307692307692,0.227979274611399,"2","1",TRUE,82,10,544,"NW"
"119A",0.694359142921429,0.246153846153846,0.308900523560209,"2","1",TRUE,79,10,545,"NW"
"119A",0.318823521979104,0.230769230769231,0.269230769230769,"2","1",TRUE,84,10,546,"NW"
"119A",1.17925346421024,0.215384615384615,0.296296296296296,"2","1",TRUE,80,10,547,"NW"
"119A",0.408847320776344,0.238461538461538,0.284263959390863,"2","1",TRUE,75,10,548,"NW"
"119A",0.65250141550055,0.2,0.264550264550265,"2","1",TRUE,83,10,549,"NW"
"119A",0.666165838909474,0.223076923076923,0.287234042553192,"2","1",TRUE,83,10,550,"NW"
"119A",0.398620891418824,0.353846153846154,0.35678391959799,"2","1",TRUE,83,10,551,"NW"
"119A",NA,0.169230769230769,0.292929292929293,"2","1",TRUE,82,10,552,"NW"
"119A",NA,0.184615384615385,0.336492890995261,"2","1",TRUE,77,10,553,"NW"
"119A",NA,0.207692307692308,0.372641509433962,"2","1",TRUE,74,10,554,"NW"
"119A",0.370302680422431,0.2,0.247368421052632,"2","1",TRUE,81,10,555,"NW"
"119A",0.238527114112694,0.284615384615385,0.297029702970297,"2","1",TRUE,80,10,556,"NW"
"119A",0.368601124388172,0.223076923076923,0.26775956284153,"2","1",TRUE,81,10,557,"NW"
"119A",3.57812382331973,0.215384615384615,0.31924882629108,"2","1",TRUE,81,10,558,"NW"
"119A",0.704019613534041,0.161538461538462,0.225806451612903,"2","1",TRUE,83,10,559,"NW"
"119A",13.9545061510636,0.261538461538462,0.379807692307692,"2","1",TRUE,82,10,560,"NW"
"119A",NA,0.169230769230769,0.305699481865285,"2","1",TRUE,84,10,561,"NW"
"119A",0.143059120762737,0.292307692307692,0.280788177339901,"2","1",TRUE,79,10,562,"NW"
"119A",1.43752617615997,0.223076923076923,0.308988764044944,"2","1",TRUE,81,10,563,"NW"
"119A",0.527925034803349,0.246153846153846,0.29951690821256,"2","1",TRUE,84,10,564,"NW"
"119A",0.672330414825923,0.230769230769231,0.294444444444444,"2","1",TRUE,86,10,565,"NW"
"119A",2.87505306295832,0.2,0.298913043478261,"2","1",TRUE,79,10,566,"NW"
"119A",1.61294946971089,0.238461538461538,0.326732673267327,"2","1",TRUE,85,10,567,"NW"
"119A",0.193878099052509,0.238461538461538,0.257425742574257,"2","1",TRUE,82,10,568,"NW"
"119A",NA,0.176923076923077,0.292307692307692,"2","1",TRUE,88,10,569,"NW"
"119A",2.74564171410239,0.238461538461538,0.338383838383838,"2","1",TRUE,81,10,570,"NW"
"119A",0.63764720156802,0.207692307692308,0.271428571428571,"2","1",TRUE,82,10,571,"NW"
"119A",NA,0.192307692307692,0.321608040201005,"2","1",TRUE,87,10,572,"NW"
"119A",0.193432147254626,0.215384615384615,0.23943661971831,"2","1",TRUE,79,10,573,"NW"
"119A",0.235796445317696,0.176923076923077,0.212121212121212,"2","1",TRUE,79,10,574,"NW"
"119A",3.1889694960411,0.238461538461538,0.341121495327103,"2","1",TRUE,85,10,575,"NW"
"119A",0.717109636462622,0.238461538461538,0.303317535545024,"2","1",TRUE,88,10,576,"NW"
"119A",0.419336104314631,0.184615384615385,0.236363636363636,"2","1",TRUE,80,10,577,"NW"
"119A",0.960723158960983,0.192307692307692,0.267281105990783,"2","1",TRUE,80,10,578,"NW"
"119A",1.03419268149737,0.2,0.277227722772277,"2","1",TRUE,78,10,579,"NW"
"119A",2.45266912400199,0.261538461538462,0.357512953367876,"2","1",TRUE,83,10,580,"NW"
"119A",0.722080901838546,0.223076923076923,0.289719626168224,"2","1",TRUE,83,10,581,"NW"
"119A",NA,0.192307692307692,0.355,"2","1",TRUE,84,10,582,"NW"
"119A",1.08793678280688,0.246153846153846,0.323008849557522,"2","1",TRUE,80,10,583,"NW"
"119A",0.414535526321947,0.269230769230769,0.308510638297872,"2","1",TRUE,86,10,584,"NW"
"119A",0.752640629158229,0.246153846153846,0.311557788944724,"2","1",TRUE,81,10,585,"NW"
"119A",NA,0.223076923076923,0.353233830845771,"2","1",TRUE,82,10,586,"NW"
"119A",2.55647037320282,0.215384615384615,0.313636363636364,"2","1",TRUE,77,10,587,"NW"
"119A",0.20726771192977,0.215384615384615,0.241758241758242,"2","1",TRUE,82,10,588,"NW"
"119A",0.943186247532971,0.284615384615385,0.349753694581281,"2","1",TRUE,81,10,589,"NW"
"119A",3.30104819614344,0.207692307692308,0.309644670050761,"2","1",TRUE,81,10,590,"NW"
"119A",0.385974537842622,0.276923076923077,0.311224489795918,"2","1",TRUE,90,10,591,"NW"
"119A",0.388650254021016,0.215384615384615,0.262886597938144,"2","1",TRUE,82,10,592,"NW"
"119A",NA,0.2,0.331521739130435,"2","1",TRUE,79,10,593,"NW"
"119A",2.98296024051435,0.169230769230769,0.263157894736842,"2","1",TRUE,75,10,594,"NW"
"119A",NA,0.184615384615385,0.323383084577114,"2","1",TRUE,78,10,595,"NW"
"119A",5.0660616095985,0.215384615384615,0.323943661971831,"2","1",TRUE,76,10,596,"NW"
"119A",0.29822733989305,0.215384615384615,0.254054054054054,"2","1",TRUE,82,10,597,"NW"
"119A",NA,0.176923076923077,0.338624338624339,"2","1",TRUE,83,10,598,"NW"
"119A",NA,0.215384615384615,0.373873873873874,"2","1",TRUE,84,10,599,"NW"
"119A",0.296174152715284,0.215384615384615,0.253807106598985,"2","1",TRUE,82,10,600,"NW"
"119A",4.48399548387357,0.215384615384615,0.322429906542056,"2","1",TRUE,80,10,601,"NW"
"119A",NA,0.161538461538462,0.341346153846154,"2","1",TRUE,79,10,602,"NW"
"119A",0.63764720156802,0.276923076923077,0.330232558139535,"2","1",TRUE,79,10,603,"NW"
"119A",0.371156401732145,0.2,0.247422680412371,"2","1",TRUE,88,10,604,"NW"
"119A",0.870149669151849,0.184615384615385,0.256544502617801,"2","1",TRUE,81,10,605,"NW"
"119A",NA,0.215384615384615,0.352112676056338,"2","1",TRUE,79,10,606,"NW"
"119A",3.3857350174073,0.215384615384615,0.318407960199005,"2","1",TRUE,90,10,607,"NW"
"119A",0.384200968979477,0.292307692307692,0.321266968325792,"2","1",TRUE,79,10,608,"NW"
"119A",0.352821267217342,0.284615384615385,0.312849162011173,"2","1",TRUE,83,10,609,"NW"
"119A",3.01056400489906,0.238461538461538,0.34010152284264,"2","1",TRUE,82,10,610,"NW"
"119A",0.0507540317536732,0.269230769230769,0.229268292682927,"2","1",TRUE,79,10,611,"NW"
"119A",7.79272174086914,0.176923076923077,0.282926829268293,"2","1",TRUE,85,10,612,"NW"
"119A",NA,0.184615384615385,0.317365269461078,"2","1",TRUE,87,10,613,"NW"
"119A",NA,0.169230769230769,0.293785310734463,"2","1",TRUE,79,10,614,"NW"
"119A",0.564384603360997,0.230769230769231,0.288770053475936,"2","1",TRUE,80,10,615,"NW"
"119A",7.93761387782534,0.2,0.311004784688995,"2","1",TRUE,85,10,616,"NW"
"119A",NA,0.230769230769231,0.355855855855856,"2","1",TRUE,86,10,617,"NW"
"119A",0.906975925806589,0.246153846153846,0.317535545023697,"2","1",TRUE,85,10,618,"NW"
"119A",0.144050858730821,0.192307692307692,0.21105527638191,"2","1",TRUE,83,10,619,"NW"
"119A",0.301680997092012,0.246153846153846,0.279329608938547,"2","1",TRUE,80,10,620,"NW"
"119A",2.01664968581526,0.169230769230769,0.257009345794392,"2","1",TRUE,76,10,621,"NW"
"119A",25.277858243723,0.192307692307692,0.307692307692308,"2","1",TRUE,82,10,622,"NW"
"119A",NA,0.184615384615385,0.306122448979592,"2","1",TRUE,85,10,623,"NW"
"119A",1.22351348660272,0.215384615384615,0.297297297297297,"2","1",TRUE,82,10,624,"NW"
"119A",1.388718629098,0.215384615384615,0.300448430493274,"2","1",TRUE,82,10,625,"NW"
"119A",0.272611112038758,0.2,0.237623762376238,"2","1",TRUE,78,10,626,"NW"
"119A",NA,0.2,0.324742268041237,"2","1",TRUE,85,10,627,"NW"
"119A",0.166158304595826,0.215384615384615,0.234375,"2","1",TRUE,85,10,628,"NW"
"119A",0.295492903020062,0.261538461538462,0.29,"2","1",TRUE,81,10,629,"NW"
"119A",NA,0.192307692307692,0.324324324324324,"2","1",TRUE,83,10,630,"NW"
"119A",1.71247153906245,0.176923076923077,0.263157894736842,"2","1",TRUE,84,10,631,"NW"
"119A",0.47486226181559,0.215384615384615,0.269406392694064,"2","1",TRUE,88,10,632,"NW"
"119A",3.61123512182675,0.215384615384615,0.319371727748691,"2","1",TRUE,80,10,633,"NW"
"119A",0.366907387073817,0.276923076923077,0.309178743961353,"2","1",TRUE,85,10,634,"NW"
"119A",0.526710719625056,0.215384615384615,0.272727272727273,"2","1",TRUE,84,10,635,"NW"
"119A",0.943186247532971,0.238461538461538,0.311926605504587,"2","1",TRUE,80,10,636,"NW"
"119A",1.30801179773627,0.261538461538462,0.341708542713568,"2","1",TRUE,83,10,637,"NW"
"119A",48.6148194161846,0.269230769230769,0.391509433962264,"2","1",TRUE,83,10,638,"NW"
"119A",0.732127059368483,0.223076923076923,0.290155440414508,"2","1",TRUE,82,10,639,"NW"
"119A",0.180936319777964,0.261538461538462,0.271111111111111,"2","1",TRUE,83,10,640,"NW"
"119A",NA,0.184615384615385,0.302083333333333,"2","1",TRUE,82,10,641,"NW"
"119A",0.466194189907163,0.184615384615385,0.23943661971831,"2","1",TRUE,87,10,642,"NW"
"119A",0.296174152715284,0.292307692307692,0.310679611650485,"2","1",TRUE,85,10,643,"NW"
"119A",NA,0.230769230769231,0.360406091370558,"2","1",TRUE,81,10,644,"NW"
"119A",1.33233200713679,0.2,0.283505154639175,"2","1",TRUE,88,10,645,"NW"
"119A",0.160886888283294,0.246153846153846,0.25615763546798,"2","1",TRUE,89,10,646,"NW"
"119A",3.79890091149268,0.176923076923077,0.275862068965517,"2","1",TRUE,80,10,647,"NW"
"119A",NA,0.192307692307692,0.329787234042553,"2","1",TRUE,83,10,648,"NW"
"119A",3.12355721146136,0.246153846153846,0.348214285714286,"2","1",TRUE,72,10,649,"NW"
"119A",0.181771567601057,0.207692307692308,0.231132075471698,"2","1",TRUE,79,10,650,"NW"
"119A",0.141421373715154,0.276923076923077,0.271356783919598,"2","1",TRUE,78,10,651,"NW"
"119A",28.5591695357311,0.138461538461538,0.236559139784946,"2","1",TRUE,83,10,652,"NW"
"119A",1.34776123649418,0.230769230769231,0.314814814814815,"2","1",TRUE,83,10,653,"NW"
"119A",1.99356299234655,0.161538461538462,0.247422680412371,"2","1",TRUE,87,10,654,"NW"
"119A",1.11841983466975,0.207692307692308,0.287179487179487,"2","1",TRUE,81,10,655,"NW"
"119A",3.5047291878166,0.215384615384615,0.318918918918919,"2","1",TRUE,86,10,656,"NW"
"119A",0.406032555111389,0.276923076923077,0.313131313131313,"2","1",TRUE,80,10,657,"NW"
"119A",0.493820775252171,0.2,0.256281407035176,"2","1",TRUE,83,10,658,"NW"
"119A",2.15096460189426,0.161538461538462,0.248677248677249,"2","1",TRUE,89,10,659,"NW"
"119A",0.274500951630171,0.261538461538462,0.287179487179487,"2","1",TRUE,85,10,660,"NW"
"119A",0.185578154995965,0.346153846153846,0.318840579710145,"2","1",TRUE,74,10,661,"NW"
"119A",0.823363402359691,0.246153846153846,0.314432989690722,"2","1",TRUE,83,10,662,"NW"
"119A",12.1817188204785,0.176923076923077,0.285714285714286,"2","1",TRUE,79,10,663,"NW"
"119A",NA,0.207692307692308,0.350253807106599,"2","1",TRUE,85,10,664,"NW"
"119A",1.52271372343351,0.207692307692308,0.294736842105263,"2","1",TRUE,80,10,665,"NW"
"119A",NA,0.192307692307692,0.316666666666667,"2","1",TRUE,81,10,666,"NW"
"119A",0.53650399138067,0.230769230769231,0.287128712871287,"2","1",TRUE,78,10,667,"NW"
"119A",0.114157842037371,0.253846153846154,0.248803827751196,"2","1",TRUE,89,10,668,"NW"
"119A",0.596454827214229,0.3,0.34375,"2","1",TRUE,78,10,669,"NW"
"119A",20.2642564559876,0.207692307692308,0.325242718446602,"2","1",TRUE,83,10,670,"NW"
"119A",6.03501102480718,0.192307692307692,0.299539170506912,"2","1",TRUE,83,10,671,"NW"
"119A",NA,0.184615384615385,0.302083333333333,"2","1",TRUE,81,10,672,"NW"
"119A",0.385086732361089,0.292307692307692,0.321428571428571,"2","1",TRUE,89,10,673,"NW"
"119A",0.902808334155017,0.2,0.27363184079602,"2","1",TRUE,81,10,674,"NW"
"119A",1.46425448066261,0.276923076923077,0.357541899441341,"2","1",TRUE,80,10,675,"NW"
"119A",0.478154180094839,0.261538461538462,0.308108108108108,"2","1",TRUE,84,10,676,"NW"
"119A",0.531584803565553,0.223076923076923,0.28,"2","1",TRUE,84,10,677,"NW"
"119A",0.827164256109114,0.230769230769231,0.300970873786408,"2","1",TRUE,86,10,678,"NW"
"119A",0.223632517852766,0.230769230769231,0.25668449197861,"2","1",TRUE,80,10,679,"NW"
"119A",0.41837156169455,0.261538461538462,0.30316742081448,"2","1",TRUE,83,10,680,"NW"
"119A",0.361040361679459,0.215384615384615,0.260416666666667,"2","1",TRUE,81,10,681,"NW"
"119A",2.14108083115392,0.238461538461538,0.333333333333333,"2","1",TRUE,80,10,682,"NW"
"119A",0.699172693583905,0.169230769230769,0.234234234234234,"2","1",TRUE,82,10,683,"NW"
"119A",0.128679970034094,0.223076923076923,0.231638418079096,"2","1",TRUE,85,10,684,"NW"
"119A",11.3685629409354,0.2,0.313513513513514,"2","1",TRUE,86,10,685,"NW"
"119A",NA,0.192307692307692,0.317460317460317,"2","1",TRUE,80,10,686,"NW"
"119A",29.2244653497423,0.192307692307692,0.308080808080808,"2","1",TRUE,85,10,687,"NW"
"119A",NA,0.184615384615385,0.310734463276836,"2","1",TRUE,82,10,688,"NW"
"119A",3.85175420937149,0.192307692307692,0.294416243654822,"2","1",TRUE,80,10,689,"NW"
"119A",0.336165124321661,0.207692307692308,0.251256281407035,"2","1",TRUE,79,10,690,"NW"
"119A",2.1658758725097,0.230769230769231,0.326086956521739,"2","1",TRUE,78,10,691,"NW"
"119A",0.589626586364721,0.215384615384615,0.276315789473684,"2","1",TRUE,81,10,692,"NW"
"119A",5.97967620312033,0.2,0.308457711442786,"2","1",TRUE,83,10,693,"NW"
"119A",1.07300824798109,0.215384615384615,0.293814432989691,"2","1",TRUE,86,10,694,"NW"
"119A",NA,0.215384615384615,0.366336633663366,"2","1",TRUE,81,10,695,"NW"
"119A",NA,0.161538461538462,0.32994923857868,"2","1",TRUE,80,10,696,"NW"
"119A",0.223632517852766,0.176923076923077,0.210526315789474,"2","1",TRUE,82,10,697,"NW"
"119A",0.0904681375276046,0.253846153846154,0.240437158469945,"2","1",TRUE,80,10,698,"NW"
"119A",0.234173072228352,0.207692307692308,0.23943661971831,"2","1",TRUE,83,10,699,"NW"
"119A",1.73230301950626,0.184615384615385,0.272251308900524,"2","1",TRUE,83,10,700,"NW"
"119A",0.56568577450622,0.223076923076923,0.282051282051282,"2","1",TRUE,77,10,701,"NW"
"119A",NA,0.223076923076923,0.351485148514851,"2","1",TRUE,84,10,702,"NW"
"119A",0.727086629838012,0.230769230769231,0.296969696969697,"2","1",TRUE,82,10,703,"NW"
"119A",3.627905496674,0.246153846153846,0.350785340314136,"2","1",TRUE,85,10,704,"NW"
"119A",0.0898452971802554,0.215384615384615,0.214285714285714,"2","1",TRUE,77,10,705,"NW"
"119A",0.615997511763695,0.292307692307692,0.339901477832512,"2","1",TRUE,84,10,706,"NW"
"119A",0.113895260058552,0.253846153846154,0.248730964467005,"2","1",TRUE,86,10,707,"NW"
"119A",0.402309655692683,0.176923076923077,0.227513227513228,"2","1",TRUE,86,10,708,"NW"
"119A",0.136619770469495,0.238461538461538,0.244897959183673,"2","1",TRUE,82,10,709,"NW"
"119A",0.248050127124097,0.284615384615385,0.298642533936652,"2","1",TRUE,79,10,710,"NW"
"119A",1.77674442946785,0.215384615384615,0.30622009569378,"2","1",TRUE,81,10,711,"NW"
"119A",0.336165124321661,0.253846153846154,0.28921568627451,"2","1",TRUE,87,10,712,"NW"
"119A",0.804619510266393,0.215384615384615,0.285714285714286,"2","1",TRUE,87,10,713,"NW"
"119A",0.527925034803349,0.223076923076923,0.27979274611399,"2","1",TRUE,79,10,714,"NW"
"119A",0.302376513245608,0.276923076923077,0.301507537688442,"2","1",TRUE,79,10,715,"NW"
"119A",2.72046701366832,0.2,0.297979797979798,"2","1",TRUE,83,10,716,"NW"
"119A",NA,0.161538461538462,0.280612244897959,"2","1",TRUE,80,10,717,"NW"
"119A",0.127206836130553,0.269230769230769,0.262569832402235,"2","1",TRUE,81,10,718,"NW"
"119A",0.20822451212002,0.246153846153846,0.265700483091787,"2","1",TRUE,86,10,719,"NW"
"119A",3.6530554598954,0.176923076923077,0.27536231884058,"2","1",TRUE,85,10,720,"NW"
"119A",0.16051682174439,0.176923076923077,0.200934579439252,"2","1",TRUE,78,10,721,"NW"
"119A",1.22916153436595,0.253846153846154,0.333333333333333,"2","1",TRUE,83,10,722,"NW"
"119A",0.90488973068333,0.230769230769231,0.303664921465969,"2","1",TRUE,79,10,723,"NW"
"119A",17.0892605918532,0.223076923076923,0.341836734693878,"2","1",TRUE,83,10,724,"NW"
"119A",0.399539899483022,0.238461538461538,0.283422459893048,"2","1",TRUE,83,10,725,"NW"
"119A",1.25201565995915,0.261538461538462,0.340425531914894,"2","1",TRUE,85,10,726,"NW"
"119A",0.17398990556944,0.246153846153846,0.259067357512953,"2","1",TRUE,74,10,727,"NW"
"119A",4.15586916057433,0.238461538461538,0.345360824742268,"2","1",TRUE,81,10,728,"NW"
"119A",5.46605210625198,0.184615384615385,0.289340101522843,"2","1",TRUE,83,10,729,"NW"
"119A",0.0886124510543722,0.215384615384615,0.213903743315508,"2","1",TRUE,85,10,730,"NW"
"119A",0.898659892758353,0.230769230769231,0.303482587064677,"2","1",TRUE,89,10,731,"NW"
"119A",3.03143433188753,0.238461538461538,0.34020618556701,"2","1",TRUE,85,10,732,"NW"
"119A",0.408847320776344,0.246153846153846,0.290502793296089,"2","1",TRUE,82,10,733,"NW"
"119A",0.0884086277135429,0.223076923076923,0.219251336898396,"2","1",TRUE,87,10,734,"NW"
"119A",0.676991254316092,0.230769230769231,0.294736842105263,"2","1",TRUE,82,10,735,"NW"
"119A",0.799079996477847,0.184615384615385,0.254335260115607,"2","1",TRUE,85,10,736,"NW"
"119A",NA,0.223076923076923,0.372222222222222,"2","1",TRUE,84,10,737,"NW"
"119A",0.242962111849688,0.307692307692308,0.311475409836066,"2","1",TRUE,74,10,738,"NW"
"119A",0.0880023864360158,0.246153846153846,0.23463687150838,"2","1",TRUE,87,10,739,"NW"
"119A",4.69534130545382,0.2,0.305825242718447,"2","1",TRUE,89,10,740,"NW"
"119A",0.118170004134851,0.315384615384615,0.285024154589372,"2","1",TRUE,79,10,741,"NW"
"119A",0.848384761642724,0.253846153846154,0.321951219512195,"2","1",TRUE,81,10,742,"NW"
"119A",1.82652727847752,0.253846153846154,0.343915343915344,"2","1",TRUE,82,10,743,"NW"
"119A",1.16039663476321,0.215384615384615,0.295918367346939,"2","1",TRUE,84,10,744,"NW"
"119A",0.235796445317696,0.246153846153846,0.27027027027027,"2","1",TRUE,81,10,745,"NW"
"119A",0.172394597729832,0.253846153846154,0.264044943820225,"2","1",TRUE,86,10,746,"NW"
"119A",3.73815466079402,0.269230769230769,0.372448979591837,"2","1",TRUE,85,10,747,"NW"
"119A",4.3317528157161,0.2,0.304812834224599,"2","1",TRUE,86,10,748,"NW"
"119A",0.557923503831462,0.207692307692308,0.267326732673267,"2","1",TRUE,81,10,749,"NW"
"119A",0.286118312246484,0.261538461538462,0.288770053475936,"2","1",TRUE,81,10,750,"NW"
"119A",1.76045351702651,0.192307692307692,0.28125,"2","1",TRUE,87,10,751,"NW"
"119A",NA,0.169230769230769,0.374331550802139,"2","1",TRUE,83,10,752,"NW"
"119A",0.361040361679459,0.269230769230769,0.303191489361702,"2","1",TRUE,87,10,753,"NW"
"119A",0.819580013689443,0.223076923076923,0.293532338308458,"2","1",TRUE,83,10,754,"NW"
"119A",0.593714092771661,0.230769230769231,0.29047619047619,"2","1",TRUE,82,10,755,"NW"
"119A",0.530362070311845,0.284615384615385,0.328888888888889,"2","1",TRUE,77,10,756,"NW"
"119A",0.582876515513965,0.238461538461538,0.296482412060302,"2","1",TRUE,77,10,757,"NW"
"119A",3.80765915936153,0.207692307692308,0.311764705882353,"2","1",TRUE,75,10,758,"NW"
"119A",0.225701971963392,0.230769230769231,0.256983240223464,"2","1",TRUE,80,10,759,"NW"
"119A",0.221582038500218,0.184615384615385,0.217391304347826,"2","1",TRUE,81,10,760,"NW"
"119A",1.78084065847604,0.2,0.29,"2","1",TRUE,81,10,761,"NW"
"119A",NA,0.176923076923077,0.321951219512195,"2","1",TRUE,79,10,762,"NW"
"119A",0.34005812454783,0.261538461538462,0.295336787564767,"2","1",TRUE,83,10,763,"NW"
"119A",0.133202523099758,0.261538461538462,0.259459459459459,"2","1",TRUE,79,10,764,"NW"
"119A",0.492684905529743,0.223076923076923,0.277486910994764,"2","1",TRUE,83,10,765,"NW"
"119A",1.47101384975405,0.230769230769231,0.317073170731707,"2","1",TRUE,84,10,766,"NW"
"119A",0.813937502255502,0.253846153846154,0.320574162679426,"2","1",TRUE,87,10,767,"NW"
"119A",0.32103372283997,0.269230769230769,0.298642533936652,"2","1",TRUE,83,10,768,"NW"
"119A",0.992200998988919,0.261538461538462,0.333333333333333,"2","1",TRUE,80,10,769,"NW"
"119A",NA,0.192307692307692,0.331632653061224,"2","1",TRUE,74,10,770,"NW"
"119A",1.52622429255175,0.184615384615385,0.269662921348315,"2","1",TRUE,80,10,771,"NW"
"119A",0.72541420994439,0.3,0.351219512195122,"2","1",TRUE,80,10,772,"NW"
"119A",0.114421029390774,0.2,0.210227272727273,"2","1",TRUE,81,10,773,"NW"
"119A",2.36939497868038,0.2,0.295566502463054,"2","1",TRUE,80,10,774,"NW"
"119A",0.713814488213206,0.223076923076923,0.289340101522843,"2","1",TRUE,77,10,775,"NW"
"119A",0.330028811320951,0.253846153846154,0.288557213930348,"2","1",TRUE,83,10,776,"NW"
"119A",79.3944197423318,0.138461538461538,0.237837837837838,"2","1",TRUE,81,10,777,"NW"
"119A",2.66466467290941,0.246153846153846,0.345177664974619,"2","1",TRUE,86,10,778,"NW"
"119A",1.51223039117604,0.2,0.28643216080402,"2","1",TRUE,84,10,779,"NW"
"119A",NA,0.192307692307692,0.336363636363636,"2","1",TRUE,80,10,780,"NW"
"119A",0.331552307800552,0.2,0.24390243902439,"2","1",TRUE,87,10,781,"NW"
"119A",0.646518651040184,0.238461538461538,0.3,"2","1",TRUE,82,10,782,"NW"
"119A",1.52974295517787,0.238461538461538,0.325358851674641,"2","1",TRUE,79,10,783,"NW"
"119A",2.77743794470647,0.169230769230769,0.262135922330097,"2","1",TRUE,93,10,784,"NW"
"119A",0.267634905436967,0.253846153846154,0.280612244897959,"2","1",TRUE,80,10,785,"NW"
"119A",0.134435154702807,0.238461538461538,0.244318181818182,"2","1",TRUE,85,10,786,"NW"
"119A",0.335391888756069,0.292307692307692,0.315789473684211,"2","1",TRUE,86,10,787,"NW"
"119A",0.596454827214229,0.238461538461538,0.297297297297297,"2","1",TRUE,85,10,788,"NW"
"119A",NA,0.2,0.33502538071066,"2","1",TRUE,83,10,789,"NW"
"119A",0.333082837125298,0.184615384615385,0.229591836734694,"2","1",TRUE,84,10,790,"NW"
"119A",0.381555884516474,0.238461538461538,0.281818181818182,"2","1",TRUE,78,10,791,"NW"
"119A",0.423216563351358,0.253846153846154,0.297777777777778,"2","1",TRUE,84,10,792,"NW"
"119A",NA,0.230769230769231,0.37,"2","1",TRUE,78,10,793,"NW"
"119A",0.307290231683117,0.223076923076923,0.261538461538462,"2","1",TRUE,78,10,794,"NW"
"119A",3.16701459652751,0.230769230769231,0.333333333333333,"2","1",TRUE,82,10,795,"NW"
"119A",1.29601867969646,0.253846153846154,0.334801762114537,"2","1",TRUE,84,10,796,"NW"
"119A",0.735506743078835,0.261538461538462,0.323529411764706,"2","1",TRUE,79,10,797,"NW"
"119A",7.68579097086966,0.176923076923077,0.282828282828283,"2","1",TRUE,77,10,798,"NW"
"119A",1.48121145392357,0.207692307692308,0.294117647058824,"2","1",TRUE,78,10,799,"NW"
"119A",0.51235497441619,0.238461538461538,0.292134831460674,"2","1",TRUE,85,10,800,"NW"
"119A",2.08752633597718,0.215384615384615,0.309644670050761,"2","1",TRUE,81,10,801,"NW"
"119A",3.25575161849614,0.192307692307692,0.292079207920792,"2","1",TRUE,87,10,802,"NW"
"119A",0.557923503831462,0.253846153846154,0.307692307692308,"2","1",TRUE,80,10,803,"NW"
"119A",0.303073632890058,0.223076923076923,0.261083743842365,"2","1",TRUE,87,10,804,"NW"
"119A",0.804619510266393,0.215384615384615,0.285714285714286,"2","1",TRUE,81,10,805,"NW"
"119A",2.7902593008606,0.207692307692308,0.306930693069307,"2","1",TRUE,90,10,806,"NW"
"119A",0.727086629838012,0.253846153846154,0.316831683168317,"2","1",TRUE,84,10,807,"NW"
"119A",0.59098595211649,0.246153846153846,0.303482587064677,"2","1",TRUE,80,10,808,"NW"
"119A",0.900731725184084,0.246153846153846,0.317307692307692,"2","1",TRUE,88,10,809,"NW"
"119A",6.37794056854332,0.2,0.309090909090909,"2","1",TRUE,82,10,810,"NW"
"119A",0.482578930766215,0.153846153846154,0.207920792079208,"2","1",TRUE,86,10,811,"NW"
"119A",2.62205540459216,0.230769230769231,0.329896907216495,"2","1",TRUE,84,10,812,"NW"
"119A",0.225701971963392,0.230769230769231,0.256983240223464,"2","1",TRUE,80,10,813,"NW"
"119A",0.646518651040184,0.192307692307692,0.256544502617801,"2","1",TRUE,83,10,814,"NW"
"119A",0.255000278097215,0.215384615384615,0.248756218905473,"2","1",TRUE,82,10,815,"NW"
"119A",0.766634675493398,0.192307692307692,0.261306532663317,"2","1",TRUE,76,10,816,"NW"
"119A",0.63764720156802,0.207692307692308,0.271428571428571,"2","1",TRUE,77,10,817,"NW"
"119A",NA,0.161538461538462,0.313725490196078,"2","1",TRUE,83,10,818,"NW"
"119A",0.634717186472483,0.2,0.263736263736264,"2","1",TRUE,85,10,819,"NW"
"119A",0.336165124321661,0.215384615384615,0.258064516129032,"2","1",TRUE,82,10,820,"NW"
"119A",0.482578930766215,0.261538461538462,0.308457711442786,"2","1",TRUE,77,10,821,"NW"
"119A",0.770173655089085,0.223076923076923,0.291666666666667,"2","1",TRUE,85,10,822,"NW"
"119A",0.962938076316174,0.215384615384615,0.290816326530612,"2","1",TRUE,72,10,823,"NW"
"119A",0.479256549681823,0.176923076923077,0.232432432432432,"2","1",TRUE,81,10,824,"NW"
"119A",0.12260518892579,0.207692307692308,0.218390804597701,"2","1",TRUE,85,10,825,"NW"
"119A",1.70068179299975,0.253846153846154,0.342105263157895,"2","1",TRUE,87,10,826,"NW"
"119A",0.542717039697327,0.246153846153846,0.300492610837438,"2","1",TRUE,81,10,827,"NW"
"119A",3.72955628480471,0.246153846153846,0.351219512195122,"2","1",TRUE,84,10,828,"NW"
"119A",0.491551648496152,0.261538461538462,0.309178743961353,"2","1",TRUE,75,10,829,"NW"
"119A",2.5741927576259,0.223076923076923,0.321782178217822,"2","1",TRUE,85,10,830,"NW"
"119A",0.505324502425889,0.223076923076923,0.278350515463918,"2","1",TRUE,86,10,831,"NW"
"119A",0.166925333362481,0.261538461538462,0.268041237113402,"2","1",TRUE,84,10,832,"NW"
"119A",0.560499019861628,0.2,0.260089686098655,"2","1",TRUE,84,10,833,"NW"
"119A",0.385086732361089,0.223076923076923,0.269230769230769,"2","1",TRUE,86,10,834,"NW"
"119A",2.98983736254991,0.215384615384615,0.31638418079096,"2","1",TRUE,79,10,835,"NW"
"119A",NA,0.2,0.352331606217617,"2","1",TRUE,85,10,836,"NW"
"119A",NA,0.161538461538462,0.326424870466321,"2","1",TRUE,79,10,837,"NW"
"119A",15.0216511392811,0.2,0.315,"2","1",TRUE,88,10,838,"NW"
"119A",NA,0.238461538461538,0.364077669902913,"2","1",TRUE,76,10,839,"NW"
"119A",0.59098595211649,0.269230769230769,0.321782178217822,"2","1",TRUE,79,10,840,"NW"
"119A",2.91505306282518,0.230769230769231,0.331896551724138,"2","1",TRUE,85,10,841,"NW"
"119A",0.0372783898438709,0.184615384615385,0.167630057803468,"2","1",TRUE,83,10,842,"NW"
"119A",1.15772752995943,0.176923076923077,0.254901960784314,"2","1",TRUE,81,10,843,"NW"
"119A",NA,0.153846153846154,0.316939890710383,"2","1",TRUE,77,10,844,"NW"
"119A",NA,0.176923076923077,0.295774647887324,"2","1",TRUE,80,10,845,"NW"
"119A",1.60923941829494,0.2,0.28780487804878,"2","1",TRUE,90,10,846,"NW"
"119A",0.150147343143815,0.176923076923077,0.199052132701422,"2","1",TRUE,81,10,847,"NW"
"119A",1.57260503556387,0.307692307692308,0.382513661202186,"2","1",TRUE,78,10,848,"NW"
"119A",0.224148095665539,0.246153846153846,0.268421052631579,"2","1",TRUE,82,10,849,"NW"
"119A",1.38233740992742,0.238461538461538,0.322751322751323,"2","1",TRUE,80,10,850,"NW"
"119A",0.203953401637408,0.261538461538462,0.275700934579439,"2","1",TRUE,84,10,851,"NW"
"119A",180.229377448543,0.238461538461538,0.362694300518135,"2","1",TRUE,90,10,852,"NW"
"119A",0.611756592090996,0.238461538461538,0.298165137614679,"2","1",TRUE,76,10,853,"NW"
"119A",1.55818587064949,0.2,0.287081339712919,"2","1",TRUE,81,10,854,"NW"
"119A",0.550267746080916,0.246153846153846,0.301020408163265,"2","1",TRUE,86,10,855,"NW"
"119A",6.69395160539367,0.161538461538462,0.262032085561497,"2","1",TRUE,85,10,856,"NW"
"119A",NA,0.230769230769231,0.356435643564356,"2","1",TRUE,85,10,857,"NW"
"119A",4.3317528157161,0.215384615384615,0.321951219512195,"2","1",TRUE,86,10,858,"NW"
"119A",0.471593007200925,0.223076923076923,0.276041666666667,"2","1",TRUE,84,10,859,"NW"
"119A",0.886328592155596,0.192307692307692,0.265193370165746,"2","1",TRUE,88,10,860,"NW"
"119A",0.160886888283294,0.246153846153846,0.25615763546798,"2","1",TRUE,81,10,861,"NW"
"119A",0.386864390132073,0.276923076923077,0.311320754716981,"2","1",TRUE,83,10,862,"NW"
"119A",0.971848927830279,0.3,0.361702127659574,"2","1",TRUE,84,10,863,"NW"
"119A",0.951914319263258,0.284615384615385,0.35,"2","1",TRUE,82,10,864,"NW"
"119A",2.1460170264018,0.223076923076923,0.318181818181818,"2","1",TRUE,83,10,865,"NW"
"119A",1.89508093610873,0.207692307692308,0.299559471365639,"2","1",TRUE,91,10,866,"NW"
"119A",0.473769999819839,0.246153846153846,0.295698924731183,"2","1",TRUE,81,10,867,"NW"
"119A",NA,0.184615384615385,0.326633165829146,"2","1",TRUE,84,10,868,"NW"
"119A",0.705642708851218,0.207692307692308,0.274418604651163,"2","1",TRUE,84,10,869,"NW"
"119A",0.766634675493398,0.215384615384615,0.284313725490196,"2","1",TRUE,83,10,870,"NW"
"119A",NA,0.184615384615385,0.316326530612245,"2","1",TRUE,84,10,871,"NW"
"119A",0.135679192851568,0.253846153846154,0.255102040816327,"2","1",TRUE,81,10,872,"NW"
"119A",NA,0.238461538461538,0.368421052631579,"2","1",TRUE,81,10,873,"NW"
"119A",0.161629582858754,0.223076923076923,0.23943661971831,"2","1",TRUE,83,10,874,"NW"
"119A",0.63764720156802,0.238461538461538,0.299492385786802,"2","1",TRUE,85,10,875,"NW"
"119A",0.91116275611549,0.223076923076923,0.296703296703297,"2","1",TRUE,83,10,876,"NW"
"119A",0.143719517853478,0.215384615384615,0.229508196721311,"2","1",TRUE,80,10,877,"NW"
"119A",0.222604917242976,0.276923076923077,0.289340101522843,"2","1",TRUE,89,10,878,"NW"
"119A",6.52651691831971,0.169230769230769,0.271794871794872,"2","1",TRUE,80,10,879,"NW"
"119A",1.70853257037336,0.223076923076923,0.313131313131313,"2","1",TRUE,83,10,880,"NW"
"119A",3.56989354481042,0.246153846153846,0.350515463917526,"2","1",TRUE,83,10,881,"NW"
"119A",1.46425448066261,0.2,0.285714285714286,"2","1",TRUE,84,10,882,"NW"
"119A",NA,0.184615384615385,0.303191489361702,"2","1",TRUE,77,10,883,"NW"
"119A",0.31228379967185,0.253846153846154,0.286458333333333,"2","1",TRUE,92,10,884,"NW"
"119A",1.5018192328627,0.261538461538462,0.345549738219895,"2","1",TRUE,82,10,885,"NW"
"119A",6.03501102480718,0.192307692307692,0.299539170506912,"2","1",TRUE,81,10,886,"NW"
"119A",0.456631593884377,0.246153846153846,0.294416243654822,"2","1",TRUE,79,10,887,"NW"
"119A",0.759605426848615,0.246153846153846,0.311881188118812,"2","1",TRUE,82,10,888,"NW"
"119A",0.627450916467093,0.238461538461538,0.298969072164948,"2","1",TRUE,81,10,889,"NW"
"119A",1.26943468671622,0.238461538461538,0.320441988950276,"2","1",TRUE,84,10,890,"NW"
"119A",0.745739691473518,0.184615384615385,0.252525252525253,"2","1",TRUE,77,10,891,"NW"
"119A",93.0672496457799,0.2,0.319148936170213,"2","1",TRUE,81,10,892,"NW"
"119A",0.702400251605414,0.246153846153846,0.309278350515464,"2","1",TRUE,80,10,893,"NW"
"119A",1.28709606067618,0.215384615384615,0.298578199052133,"2","1",TRUE,84,10,894,"NW"
"119A",0.0730274857469072,0.238461538461538,0.223350253807107,"2","1",TRUE,85,10,895,"NW"
"119A",1.32620988681135,0.230769230769231,0.314432989690722,"2","1",TRUE,87,10,896,"NW"
"119A",0.240180671007365,0.284615384615385,0.297297297297297,"2","1",TRUE,84,10,897,"NW"
"119A",0.36187272900146,0.230769230769231,0.27363184079602,"2","1",TRUE,81,10,898,"NW"
"119A",NA,0.184615384615385,0.313084112149533,"2","1",TRUE,84,10,899,"NW"
"119A",0.649503144681553,0.269230769230769,0.32512315270936,"2","1",TRUE,84,10,900,"NW"
"119A",0.733814955527616,0.238461538461538,0.304123711340206,"2","1",TRUE,81,10,901,"NW"
"119A",0.25795333916299,0.292307692307692,0.305,"2","1",TRUE,84,10,902,"NW"
"119A",2.19600924143016,0.269230769230769,0.361702127659574,"2","1",TRUE,89,10,903,"NW"
"119A",2.98983736254991,0.284615384615385,0.381188118811881,"2","1",TRUE,82,10,904,"NW"
"119A",0.148770646991072,0.261538461538462,0.263681592039801,"2","1",TRUE,91,10,905,"NW"
"119A",0.23525407436792,0.230769230769231,0.258426966292135,"2","1",TRUE,89,10,906,"NW"
"119A",0.349586260383295,0.284615384615385,0.3125,"2","1",TRUE,76,10,907,"NW"
"119A",0.236340066686823,0.238461538461538,0.26457399103139,"2","1",TRUE,86,10,908,"NW"
"119A",0.735506743078835,0.223076923076923,0.290322580645161,"2","1",TRUE,87,10,909,"NW"
"119A",0.341627918874375,0.284615384615385,0.311557788944724,"2","1",TRUE,79,10,910,"NW"
"119A",NA,0.276923076923077,0.416184971098266,"2","1",TRUE,82,10,911,"NW"
"119A",0.255588173305391,0.238461538461538,0.267379679144385,"2","1",TRUE,89,10,912,"NW"
"119A",NA,0.207692307692308,0.331730769230769,"2","1",TRUE,81,10,913,"NW"
"119A",NA,0.161538461538462,0.346368715083799,"2","1",TRUE,91,10,914,"NW"
"119A",0.59508288214229,0.261538461538462,0.316062176165803,"2","1",TRUE,81,10,915,"NW"
"119A",NA,0.253846153846154,0.385786802030457,"2","1",TRUE,85,10,916,"NW"
"119A",0.449329835316494,0.246153846153846,0.293814432989691,"2","1",TRUE,85,10,917,"NW"
"119A",0.976335228327277,0.192307692307692,0.267676767676768,"2","1",TRUE,80,10,918,"NW"
"119A",0.290767829535721,0.330769230769231,0.33160621761658,"2","1",TRUE,84,10,919,"NW"
"119A",0.884289889325734,0.215384615384615,0.288461538461538,"2","1",TRUE,86,10,920,"NW"
"119A",0.186005999659031,0.207692307692308,0.231884057971014,"2","1",TRUE,85,10,921,"NW"
"119A",0.898659892758353,0.230769230769231,0.303482587064677,"2","1",TRUE,80,10,922,"NW"
"119A",0.255000278097215,0.246153846153846,0.273170731707317,"2","1",TRUE,78,10,923,"NW"
"119A",0.617417674863579,0.292307692307692,0.34,"2","1",TRUE,79,10,924,"NW"
"119A",0.326250627109581,0.261538461538462,0.293785310734463,"2","1",TRUE,87,10,925,"NW"
"119A",1.30801179773627,0.238461538461538,0.321243523316062,"2","1",TRUE,78,10,926,"NW"
"119A",0.464052008446127,0.246153846153846,0.295,"2","1",TRUE,85,10,927,"NW"
"119A",0.936692751965548,0.330769230769231,0.38,"2","1",TRUE,78,10,928,"NW"
"119A",0.183031674360743,0.292307692307692,0.290816326530612,"2","1",TRUE,81,10,929,"NW"
"119A",6165.65184589004,0.192307692307692,0.31063829787234,"2","1",TRUE,89,10,930,"NW"
"119A",0.71546016530924,0.261538461538462,0.32258064516129,"2","1",TRUE,84,10,931,"NW"
"119A",0.491551648496152,0.192307692307692,0.248648648648649,"2","1",TRUE,81,10,932,"NW"
"119A",0.361040361679459,0.230769230769231,0.273542600896861,"2","1",TRUE,84,10,933,"NW"
"119A",NA,0.153846153846154,0.265116279069767,"2","1",TRUE,82,10,934,"NW"
"119A",1.33540365713081,0.146153846153846,0.221153846153846,"2","1",TRUE,75,10,935,"NW"
"119A",0.0697403862648753,0.207692307692308,0.201005025125628,"2","1",TRUE,82,10,936,"NW"
"119A",0.0666012450877784,0.223076923076923,0.210227272727273,"2","1",TRUE,80,10,937,"NW"
"119A",0.457684343818414,0.230769230769231,0.281767955801105,"2","1",TRUE,81,10,938,"NW"
"119A",0.20726771192977,0.3,0.300492610837438,"2","1",TRUE,77,10,939,"NW"
"119A",NA,0.230769230769231,0.410714285714286,"2","1",TRUE,82,10,940,"NW"
"119A",3.46460689537329,0.246153846153846,0.35,"2","1",TRUE,83,10,941,"NW"
"119A",0.766634675493398,0.215384615384615,0.284313725490196,"2","1",TRUE,89,10,942,"NW"
"119A",0.149801979340737,0.269230769230769,0.268817204301075,"2","1",TRUE,83,10,943,"NW"
"119A",0.239077030953778,0.230769230769231,0.259067357512953,"2","1",TRUE,87,10,944,"NW"
"119A",0.0578730335642084,0.284615384615385,0.241935483870968,"2","1",TRUE,74,10,945,"NW"
"119A",14.815525888515,0.184615384615385,0.296296296296296,"2","1",TRUE,89,10,946,"NW"
"119A",0.54522235884231,0.253846153846154,0.306930693069307,"2","1",TRUE,86,10,947,"NW"
"119A",3.46460689537329,0.169230769230769,0.265193370165746,"2","1",TRUE,83,10,948,"NW"
"119A",1.20394891813359,0.215384615384615,0.296875,"2","1",TRUE,82,10,949,"NW"
"119A",1.14184133507852,0.230769230769231,0.310344827586207,"2","1",TRUE,77,10,950,"NW"
"119A",0.319558559690528,0.253846153846154,0.28735632183908,"2","1",TRUE,90,10,951,"NW"
"119A",0.405098612861925,0.253846153846154,0.296116504854369,"2","1",TRUE,91,10,952,"NW"
"119A",0.464052008446127,0.223076923076923,0.275510204081633,"2","1",TRUE,81,10,953,"NW"
"119A",4.89405636577762,0.215384615384615,0.323529411764706,"2","1",TRUE,81,10,954,"NW"
"119A",0.788115118973439,0.230769230769231,0.299492385786802,"2","1",TRUE,77,10,955,"NW"
"119A",0.344789280682611,0.323076923076923,0.335,"2","1",TRUE,88,10,956,"NW"
"119A",0.599208213580301,0.261538461538462,0.316326530612245,"2","1",TRUE,79,10,957,"NW"
"119A",0.76135667352913,0.284615384615385,0.342245989304813,"2","1",TRUE,78,10,958,"NW"
"119A",0.717109636462622,0.238461538461538,0.303317535545024,"2","1",TRUE,82,10,959,"NW"
"119A",0.197482925840228,0.246153846153846,0.263681592039801,"2","1",TRUE,83,10,960,"NW"
"119A",0.310848842778947,0.207692307692308,0.248704663212435,"2","1",TRUE,73,10,961,"NW"
"119A",0.742312986944765,0.269230769230769,0.329896907216495,"2","1",TRUE,82,10,962,"NW"
"119A",0.126040480747655,0.246153846153846,0.247311827956989,"2","1",TRUE,80,10,963,"NW"
"119A",1.42434554495631,0.215384615384615,0.301075268817204,"2","1",TRUE,83,10,964,"NW"
"119A",0.542717039697327,0.261538461538462,0.312820512820513,"2","1",TRUE,83,10,965,"NW"
"119A",0.32177385610072,0.246153846153846,0.281767955801105,"2","1",TRUE,81,10,966,"NW"
"119A",0.552807921196648,0.207692307692308,0.267045454545455,"2","1",TRUE,85,10,967,"NW"
"119A",0.478154180094839,0.230769230769231,0.283236994219653,"2","1",TRUE,82,10,968,"NW"
"119A",NA,0.192307692307692,0.32967032967033,"2","1",TRUE,78,10,969,"NW"
"119A",0.694359142921429,0.276923076923077,0.333333333333333,"2","1",TRUE,78,10,970,"NW"
"119A",0.53526994317875,0.215384615384615,0.273224043715847,"2","1",TRUE,78,10,971,"NW"
"119A",4.1082925893527,0.207692307692308,0.312820512820513,"2","1",TRUE,84,10,972,"NW"
"119A",0.676991254316092,0.246153846153846,0.308080808080808,"2","1",TRUE,84,10,973,"NW"
"119A",1.08543434768581,0.215384615384615,0.294117647058824,"2","1",TRUE,85,10,974,"NW"
"119A",0.368601124388172,0.284615384615385,0.314606741573034,"2","1",TRUE,83,10,975,"NW"
"119A",0.433075540786454,0.315384615384615,0.340425531914894,"2","1",TRUE,78,10,976,"NW"
"119A",0.473769999819839,0.230769230769231,0.282926829268293,"2","1",TRUE,81,10,977,"NW"
"119A",36.6232073336369,0.207692307692308,0.326923076923077,"2","1",TRUE,84,10,978,"NW"
"119A",1.60553790061285,0.215384615384615,0.303921568627451,"2","1",TRUE,79,10,979,"NW"
"119A",0.268870375863381,0.238461538461538,0.269230769230769,"2","1",TRUE,79,10,980,"NW"
"119A",1.13137182865815,0.215384615384615,0.295238095238095,"2","1",TRUE,87,10,981,"NW"
"119A",0.256768032968854,0.338461538461538,0.329896907216495,"2","1",TRUE,85,10,982,"NW"
"119A",8.29262199356948,0.184615384615385,0.292929292929293,"2","1",TRUE,84,10,983,"NW"
"119A",1.04616927291534,0.192307692307692,0.269406392694064,"2","1",TRUE,86,10,984,"NW"
"119A",0.351200038995165,0.246153846153846,0.284916201117318,"2","1",TRUE,82,10,985,"NW"
"119A",1.26943468671622,0.292307692307692,0.365079365079365,"2","1",TRUE,79,10,986,"NW"
"119A",NA,0.123076923076923,0.247663551401869,"2","1",TRUE,81,10,987,"NW"
"119A",0.784493697613891,0.215384615384615,0.284974093264249,"2","1",TRUE,78,10,988,"NW"
"119A",0.252081023803186,0.192307692307692,0.228260869565217,"2","1",TRUE,89,10,989,"NW"
"119A",0.253828541340034,0.215384615384615,0.248618784530387,"2","1",TRUE,86,10,990,"NW"
"119A",5.68428006546107,0.238461538461538,0.349514563106796,"2","1",TRUE,80,10,991,"NW"
"119A",0.365221432552026,0.246153846153846,0.286407766990291,"2","1",TRUE,89,10,992,"NW"
"119A",1.70853257037336,0.230769230769231,0.320754716981132,"2","1",TRUE,84,10,993,"NW"
"119A",0.327756682535104,0.223076923076923,0.263803680981595,"2","1",TRUE,84,10,994,"NW"
"119A",23.4821075977023,0.269230769230769,0.389473684210526,"2","1",TRUE,84,10,995,"NW"
"119A",0.226743869361225,0.207692307692308,0.238372093023256,"2","1",TRUE,84,10,996,"NW"
"119A",4.15586916057433,0.169230769230769,0.267379679144385,"2","1",TRUE,84,10,997,"NW"
"119A",NA,0.192307692307692,0.318181818181818,"2","1",TRUE,85,10,998,"NW"
"119A",1.33233200713679,0.192307692307692,0.275229357798165,"2","1",TRUE,87,10,999,"NW"
"119A",NA,0.246153846153846,0.374331550802139,"2","1",TRUE,80,10,1000,"NW"
